,0,1,2,3,4,5,6,7,8,9,10,11,12,13,14,15,16,17,18,19,20,21,22,23,24,25,26,27,28,29
0,0.03333333333333333,0.03333333333333333,0.03333333333333333,0.03333333333333333,0.03333333333333333,0.03333333333333333,0.03333333333333333,0.03333333333333333,0.03333333333333333,0.03333333333333333,0.03333333333333333,0.03333333333333333,0.03333333333333333,0.03333333333333333,0.03333333333333333,0.03333333333333333,0.03333333333333333,0.03333333333333333,0.03333333333333333,0.03333333333333333,0.03333333333333333,0.03333333333333333,0.03333333333333333,0.03333333333333333,0.03333333333333333,0.03333333333333333,0.03333333333333333,0.03333333333333333,0.03333333333333333,0.03333333333333333
1,0.03333333333333333,0.03333333333333333,0.03333333333333333,0.03333333333333333,0.033333333333333326,0.03333333333333333,0.03333333333333334,0.033333333333333326,0.03333333333333334,0.03333333333333333,0.03333333333333333,0.03333333333333333,0.03333333333333334,0.03333333333333333,0.03333333333333334,0.03333333333333333,0.03333333333333334,0.03333333333333334,0.03333333333333333,0.03333333333333333,0.03333333333333333,0.03333333333333333,0.03333333333333334,0.03333333333333333,0.03333333333333333,0.03333333333333333,0.03333333333333333,0.033333333333333326,0.03333333333333333,0.03333333333333333
2,0.033333333333333326,0.033333333333333326,0.033333333333333326,0.033333333333333326,0.033333333333333326,0.033333333333333326,0.033333333333333326,0.033333333333333326,0.033333333333333326,0.033333333333333326,0.033333333333333326,0.033333333333333326,0.033333333333333326,0.033333333333333326,0.033333333333333326,0.033333333333333326,0.033333333333333326,0.033333333333333326,0.033333333333333326,0.033333333333333326,0.033333333333333326,0.033333333333333326,0.033333333333333326,0.033333333333333326,0.033333333333333326,0.03333333333333333,0.03333333333333333,0.03333333333333333,0.03333333333333333,0.03333333333333333
3,0.033333333333333326,0.033333333333333326,0.033333333333333326,0.033333333333333326,0.033333333333333326,0.033333333333333326,0.03333333333333333,0.033333333333333326,0.033333333333333326,0.033333333333333326,0.03333333333333333,0.033333333333333326,0.033333333333333326,0.03333333333333333,0.033333333333333326,0.033333333333333326,0.033333333333333326,0.033333333333333326,0.033333333333333326,0.033333333333333326,0.033333333333333326,0.033333333333333326,0.033333333333333326,0.033333333333333326,0.033333333333333326,0.03333333333333333,0.033333333333333354,0.033333333333333354,0.033333333333333354,0.033333333333333354
4,0.033333333333333326,0.033333333333333326,0.03333333333333333,0.033333333333333326,0.033333333333333326,0.03333333333333333,0.033333333333333326,0.03333333333333333,0.033333333333333326,0.033333333333333326,0.033333333333333326,0.033333333333333326,0.03333333333333333,0.033333333333333326,0.033333333333333326,0.03333333333333333,0.033333333333333326,0.033333333333333326,0.033333333333333326,0.033333333333333326,0.03333333333333333,0.033333333333333326,0.03333333333333333,0.033333333333333326,0.033333333333333326,0.033333333333333326,0.03333333333333333,0.033333333333333354,0.033333333333333354,0.033333333333333354
5,0.03333333333333334,0.03333333333333334,0.03333333333333333,0.03333333333333333,0.03333333333333334,0.03333333333333334,0.03333333333333334,0.03333333333333334,0.03333333333333334,0.03333333333333334,0.03333333333333333,0.03333333333333334,0.03333333333333334,0.03333333333333334,0.03333333333333334,0.03333333333333334,0.03333333333333334,0.03333333333333334,0.03333333333333334,0.03333333333333334,0.03333333333333334,0.03333333333333334,0.03333333333333334,0.03333333333333334,0.03333333333333334,0.03333333333333334,0.033333333333333305,0.033333333333333305,0.033333333333333305,0.033333333333333305
6,0.03333333333333333,0.03333333333333333,0.03333333333333333,0.03333333333333333,0.03333333333333333,0.03333333333333333,0.03333333333333333,0.03333333333333333,0.03333333333333333,0.03333333333333333,0.03333333333333333,0.03333333333333333,0.03333333333333333,0.03333333333333333,0.03333333333333333,0.03333333333333333,0.03333333333333333,0.03333333333333333,0.03333333333333333,0.03333333333333333,0.03333333333333333,0.03333333333333333,0.03333333333333333,0.03333333333333333,0.03333333333333333,0.033333333333333326,0.033333333333333326,0.033333333333333326,0.033333333333333326,0.033333333333333326
7,0.03333333333333333,0.03333333333333333,0.03333333333333333,0.03333333333333333,0.03333333333333333,0.03333333333333333,0.03333333333333333,0.03333333333333333,0.03333333333333333,0.03333333333333333,0.03333333333333333,0.03333333333333333,0.03333333333333333,0.03333333333333333,0.03333333333333333,0.03333333333333333,0.03333333333333333,0.03333333333333333,0.03333333333333333,0.03333333333333333,0.03333333333333333,0.03333333333333333,0.03333333333333333,0.03333333333333333,0.03333333333333333,0.03333333333333333,0.03333333333333335,0.03333333333333335,0.03333333333333335,0.03333333333333335
8,0.03333333333333333,0.03333333333333333,0.03333333333333333,0.03333333333333333,0.03333333333333333,0.03333333333333333,0.03333333333333333,0.03333333333333333,0.03333333333333333,0.03333333333333333,0.03333333333333333,0.03333333333333333,0.03333333333333333,0.03333333333333333,0.03333333333333333,0.03333333333333333,0.03333333333333333,0.03333333333333333,0.03333333333333333,0.03333333333333333,0.03333333333333333,0.03333333333333333,0.03333333333333333,0.03333333333333333,0.03333333333333333,0.03333333333333333,0.03333333333333333,0.03333333333333333,0.03333333333333333,0.03333333333333333
9,0.03333333333333333,0.03333333333333333,0.03333333333333333,0.03333333333333333,0.03333333333333333,0.03333333333333333,0.03333333333333333,0.03333333333333333,0.03333333333333333,0.03333333333333333,0.03333333333333333,0.03333333333333333,0.03333333333333333,0.03333333333333333,0.03333333333333333,0.03333333333333333,0.03333333333333333,0.03333333333333333,0.03333333333333333,0.03333333333333333,0.03333333333333333,0.03333333333333333,0.03333333333333333,0.03333333333333333,0.03333333333333333,0.03333333333333333,0.03333333333333333,0.03333333333333333,0.03333333333333333,0.03333333333333333
10,0.03333333333333333,0.03333333333333333,0.03333333333333333,0.03333333333333333,0.03333333333333333,0.03333333333333333,0.03333333333333333,0.03333333333333333,0.03333333333333333,0.03333333333333333,0.03333333333333333,0.03333333333333333,0.03333333333333333,0.03333333333333333,0.03333333333333333,0.03333333333333333,0.03333333333333333,0.03333333333333333,0.03333333333333333,0.03333333333333333,0.03333333333333333,0.03333333333333333,0.03333333333333333,0.03333333333333333,0.03333333333333333,0.03333333333333333,0.03333333333333333,0.03333333333333333,0.03333333333333333,0.03333333333333333
11,0.03333333333333333,0.03333333333333333,0.03333333333333333,0.03333333333333333,0.03333333333333333,0.03333333333333333,0.03333333333333333,0.03333333333333333,0.03333333333333333,0.03333333333333333,0.03333333333333333,0.03333333333333333,0.03333333333333333,0.03333333333333333,0.03333333333333333,0.03333333333333333,0.03333333333333333,0.03333333333333333,0.03333333333333333,0.03333333333333333,0.03333333333333333,0.03333333333333333,0.03333333333333333,0.03333333333333333,0.03333333333333333,0.033333333333333326,0.033333333333333326,0.033333333333333326,0.033333333333333326,0.033333333333333326
12,0.033333333333333326,0.033333333333333326,0.033333333333333326,0.033333333333333326,0.033333333333333326,0.033333333333333326,0.033333333333333326,0.033333333333333326,0.033333333333333326,0.033333333333333326,0.033333333333333326,0.033333333333333326,0.033333333333333326,0.033333333333333326,0.033333333333333326,0.033333333333333326,0.033333333333333326,0.033333333333333326,0.033333333333333326,0.033333333333333326,0.033333333333333326,0.033333333333333326,0.033333333333333326,0.033333333333333326,0.033333333333333326,0.033333333333333326,0.03333333333333334,0.033333333333333326,0.03333333333333336,0.03333333333333336
13,0.03333333333333333,0.03333333333333333,0.03333333333333333,0.03333333333333333,0.03333333333333333,0.03333333333333333,0.03333333333333333,0.03333333333333333,0.03333333333333333,0.03333333333333333,0.03333333333333333,0.03333333333333333,0.03333333333333333,0.03333333333333333,0.03333333333333333,0.03333333333333333,0.03333333333333333,0.03333333333333333,0.03333333333333333,0.03333333333333333,0.03333333333333333,0.03333333333333333,0.03333333333333333,0.03333333333333333,0.03333333333333333,0.03333333333333333,0.03333333333333333,0.03333333333333333,0.03333333333333333,0.03333333333333333
14,0.03333333333333333,0.03333333333333333,0.03333333333333333,0.03333333333333333,0.03333333333333333,0.03333333333333333,0.03333333333333333,0.03333333333333333,0.03333333333333333,0.03333333333333333,0.03333333333333333,0.03333333333333333,0.03333333333333333,0.03333333333333333,0.03333333333333333,0.03333333333333333,0.03333333333333333,0.03333333333333333,0.03333333333333333,0.03333333333333333,0.03333333333333333,0.03333333333333333,0.03333333333333333,0.03333333333333333,0.03333333333333333,0.03333333333333333,0.03333333333333332,0.03333333333333332,0.03333333333333332,0.03333333333333332
15,0.033333333333333326,0.033333333333333326,0.033333333333333326,0.033333333333333326,0.033333333333333326,0.033333333333333326,0.033333333333333326,0.033333333333333326,0.033333333333333326,0.033333333333333326,0.033333333333333326,0.033333333333333326,0.033333333333333326,0.033333333333333326,0.033333333333333326,0.033333333333333326,0.033333333333333326,0.033333333333333326,0.033333333333333326,0.033333333333333326,0.033333333333333326,0.033333333333333326,0.033333333333333326,0.033333333333333326,0.033333333333333326,0.033333333333333326,0.033333333333333326,0.03333333333333333,0.03333333333333333,0.03333333333333333
16,0.03333333333333333,0.03333333333333333,0.03333333333333333,0.03333333333333333,0.03333333333333333,0.03333333333333333,0.03333333333333333,0.03333333333333333,0.03333333333333333,0.03333333333333333,0.03333333333333333,0.03333333333333333,0.03333333333333333,0.03333333333333333,0.03333333333333333,0.03333333333333333,0.03333333333333333,0.03333333333333333,0.03333333333333333,0.03333333333333333,0.03333333333333333,0.03333333333333333,0.03333333333333333,0.03333333333333333,0.03333333333333333,0.03333333333333333,0.03333333333333333,0.03333333333333333,0.03333333333333333,0.03333333333333333
17,0.03333333333333334,0.03333333333333334,0.03333333333333334,0.03333333333333334,0.03333333333333334,0.03333333333333334,0.03333333333333334,0.03333333333333334,0.03333333333333334,0.03333333333333334,0.03333333333333334,0.03333333333333334,0.03333333333333334,0.03333333333333334,0.03333333333333334,0.03333333333333334,0.03333333333333334,0.03333333333333334,0.03333333333333334,0.03333333333333334,0.03333333333333333,0.03333333333333334,0.03333333333333334,0.03333333333333332,0.03333333333333332,0.03333333333333332,0.03333333333333332,0.03333333333333332,0.03333333333333332,0.03333333333333332
18,0.033333333333333326,0.033333333333333326,0.033333333333333326,0.033333333333333326,0.033333333333333326,0.033333333333333326,0.033333333333333326,0.033333333333333326,0.033333333333333326,0.033333333333333326,0.033333333333333326,0.033333333333333326,0.033333333333333326,0.033333333333333326,0.033333333333333326,0.033333333333333326,0.033333333333333326,0.033333333333333326,0.033333333333333326,0.033333333333333326,0.033333333333333326,0.033333333333333326,0.033333333333333326,0.033333333333333326,0.033333333333333326,0.03333333333333334,0.03333333333333334,0.03333333333333334,0.03333333333333334,0.03333333333333334
19,0.03333333333333333,0.03333333333333333,0.03333333333333333,0.03333333333333333,0.03333333333333333,0.03333333333333333,0.03333333333333333,0.03333333333333333,0.03333333333333333,0.03333333333333333,0.03333333333333333,0.03333333333333333,0.03333333333333333,0.03333333333333333,0.03333333333333333,0.03333333333333333,0.03333333333333333,0.03333333333333333,0.03333333333333333,0.03333333333333333,0.03333333333333333,0.03333333333333333,0.03333333333333333,0.03333333333333333,0.03333333333333333,0.03333333333333333,0.03333333333333333,0.03333333333333333,0.03333333333333333,0.03333333333333333
20,0.03333333333333333,0.03333333333333333,0.03333333333333333,0.03333333333333333,0.03333333333333333,0.03333333333333333,0.03333333333333333,0.03333333333333333,0.03333333333333333,0.03333333333333333,0.03333333333333333,0.03333333333333333,0.03333333333333333,0.03333333333333333,0.03333333333333333,0.03333333333333333,0.03333333333333333,0.03333333333333333,0.03333333333333333,0.03333333333333333,0.03333333333333333,0.03333333333333333,0.03333333333333333,0.03333333333333333,0.03333333333333333,0.03333333333333333,0.03333333333333332,0.03333333333333332,0.03333333333333332,0.03333333333333332
21,0.03333333333333333,0.03333333333333333,0.03333333333333333,0.03333333333333333,0.03333333333333333,0.03333333333333333,0.03333333333333333,0.03333333333333333,0.03333333333333333,0.03333333333333333,0.03333333333333333,0.03333333333333333,0.03333333333333333,0.03333333333333333,0.03333333333333333,0.03333333333333333,0.03333333333333333,0.03333333333333333,0.03333333333333333,0.03333333333333333,0.03333333333333333,0.03333333333333333,0.03333333333333333,0.03333333333333333,0.03333333333333333,0.03333333333333333,0.03333333333333333,0.03333333333333333,0.03333333333333333,0.03333333333333333
22,0.03333333333333333,0.03333333333333333,0.03333333333333333,0.03333333333333333,0.03333333333333333,0.03333333333333333,0.03333333333333333,0.03333333333333333,0.03333333333333333,0.03333333333333333,0.03333333333333333,0.03333333333333333,0.03333333333333333,0.03333333333333333,0.03333333333333333,0.03333333333333333,0.03333333333333333,0.03333333333333333,0.03333333333333333,0.03333333333333333,0.03333333333333333,0.03333333333333333,0.03333333333333333,0.03333333333333333,0.033333333333333326,0.03333333333333332,0.03333333333333332,0.03333333333333332,0.03333333333333332,0.03333333333333332
23,0.03333333333333333,0.03333333333333334,0.03333333333333333,0.03333333333333333,0.03333333333333333,0.03333333333333333,0.03333333333333333,0.03333333333333333,0.03333333333333333,0.03333333333333333,0.03333333333333333,0.03333333333333333,0.03333333333333333,0.03333333333333333,0.03333333333333333,0.03333333333333333,0.03333333333333333,0.03333333333333333,0.03333333333333333,0.03333333333333333,0.03333333333333334,0.03333333333333333,0.03333333333333334,0.03333333333333333,0.03333333333333336,0.03333333333333336,0.03333333333333336,0.03333333333333336,0.03333333333333336,0.03333333333333336
24,0.03333333333333333,0.03333333333333333,0.03333333333333333,0.03333333333333333,0.03333333333333333,0.03333333333333333,0.03333333333333333,0.03333333333333333,0.03333333333333333,0.03333333333333333,0.03333333333333333,0.03333333333333333,0.03333333333333333,0.03333333333333333,0.03333333333333333,0.03333333333333333,0.03333333333333333,0.03333333333333333,0.03333333333333333,0.03333333333333333,0.033333333333333326,0.03333333333333333,0.03333333333333333,0.03333333333333333,0.03333333333333333,0.03333333333333333,0.03333333333333331,0.03333333333333331,0.03333333333333331,0.03333333333333331
25,0.03333333333333333,0.03333333333333333,0.03333333333333333,0.03333333333333333,0.03333333333333333,0.03333333333333333,0.03333333333333333,0.03333333333333333,0.03333333333333333,0.03333333333333333,0.03333333333333333,0.03333333333333333,0.03333333333333333,0.03333333333333333,0.03333333333333333,0.03333333333333333,0.03333333333333333,0.03333333333333333,0.03333333333333333,0.03333333333333333,0.03333333333333333,0.03333333333333333,0.03333333333333334,0.03333333333333334,0.03333333333333334,0.03333333333333334,0.03333333333333334,0.03333333333333334,0.03333333333333334,0.03333333333333334
26,0.03333333333333333,0.03333333333333333,0.03333333333333333,0.03333333333333333,0.03333333333333333,0.03333333333333333,0.03333333333333333,0.03333333333333333,0.03333333333333333,0.03333333333333333,0.03333333333333333,0.03333333333333333,0.03333333333333333,0.03333333333333333,0.03333333333333333,0.03333333333333333,0.03333333333333333,0.03333333333333333,0.03333333333333333,0.03333333333333333,0.03333333333333333,0.03333333333333333,0.03333333333333333,0.03333333333333333,0.03333333333333333,0.03333333333333333,0.03333333333333333,0.03333333333333333,0.03333333333333333,0.03333333333333333
27,0.03333333333333333,0.03333333333333333,0.03333333333333333,0.03333333333333333,0.03333333333333333,0.03333333333333333,0.03333333333333333,0.03333333333333333,0.03333333333333333,0.03333333333333333,0.03333333333333333,0.03333333333333333,0.03333333333333333,0.03333333333333333,0.03333333333333333,0.03333333333333333,0.03333333333333333,0.03333333333333333,0.03333333333333333,0.03333333333333333,0.03333333333333333,0.03333333333333333,0.03333333333333333,0.03333333333333334,0.03333333333333334,0.03333333333333334,0.03333333333333334,0.03333333333333334,0.03333333333333334,0.03333333333333334
28,0.03333333333333333,0.03333333333333333,0.03333333333333333,0.03333333333333333,0.03333333333333333,0.03333333333333333,0.03333333333333333,0.03333333333333333,0.03333333333333333,0.03333333333333333,0.03333333333333333,0.03333333333333333,0.03333333333333333,0.03333333333333333,0.03333333333333333,0.03333333333333333,0.03333333333333333,0.03333333333333333,0.03333333333333333,0.03333333333333333,0.03333333333333333,0.03333333333333333,0.03333333333333333,0.03333333333333333,0.033333333333333354,0.033333333333333354,0.033333333333333354,0.033333333333333354,0.033333333333333354,0.033333333333333354
29,0.03333333333333334,0.03333333333333334,0.03333333333333334,0.03333333333333334,0.03333333333333334,0.03333333333333334,0.03333333333333334,0.03333333333333333,0.03333333333333334,0.03333333333333334,0.03333333333333334,0.03333333333333334,0.03333333333333334,0.03333333333333333,0.03333333333333334,0.03333333333333334,0.03333333333333334,0.03333333333333333,0.03333333333333334,0.03333333333333334,0.03333333333333334,0.03333333333333334,0.03333333333333334,0.03333333333333334,0.033333333333333305,0.033333333333333305,0.033333333333333305,0.033333333333333305,0.033333333333333305,0.033333333333333305
30,0.033333333333333326,0.03333333333333333,0.03333333333333333,0.03333333333333333,0.03333333333333333,0.03333333333333333,0.03333333333333333,0.03333333333333333,0.03333333333333333,0.03333333333333333,0.03333333333333333,0.03333333333333333,0.03333333333333333,0.03333333333333333,0.03333333333333333,0.03333333333333333,0.03333333333333333,0.03333333333333333,0.033333333333333326,0.03333333333333333,0.03333333333333333,0.03333333333333333,0.03333333333333333,0.03333333333333333,0.03333333333333331,0.03333333333333331,0.03333333333333331,0.03333333333333331,0.03333333333333331,0.03333333333333331
31,0.03333333333333333,0.03333333333333333,0.03333333333333333,0.03333333333333333,0.03333333333333333,0.03333333333333333,0.03333333333333333,0.03333333333333333,0.03333333333333333,0.03333333333333333,0.03333333333333333,0.03333333333333333,0.03333333333333333,0.03333333333333333,0.03333333333333333,0.03333333333333333,0.03333333333333333,0.03333333333333333,0.03333333333333333,0.03333333333333333,0.03333333333333333,0.03333333333333333,0.03333333333333333,0.03333333333333333,0.03333333333333334,0.03333333333333334,0.03333333333333334,0.03333333333333334,0.03333333333333334,0.03333333333333334
32,0.03333333333333333,0.03333333333333333,0.03333333333333333,0.03333333333333333,0.03333333333333333,0.03333333333333333,0.03333333333333333,0.03333333333333333,0.03333333333333333,0.03333333333333333,0.03333333333333333,0.03333333333333333,0.03333333333333333,0.03333333333333333,0.03333333333333333,0.03333333333333333,0.03333333333333333,0.03333333333333333,0.03333333333333333,0.03333333333333333,0.03333333333333333,0.03333333333333334,0.03333333333333334,0.03333333333333334,0.03333333333333334,0.03333333333333334,0.03333333333333334,0.03333333333333334,0.03333333333333334,0.03333333333333334
33,0.03333333333333333,0.03333333333333334,0.03333333333333334,0.03333333333333334,0.03333333333333334,0.03333333333333334,0.03333333333333334,0.03333333333333334,0.03333333333333334,0.03333333333333334,0.03333333333333334,0.03333333333333334,0.03333333333333334,0.03333333333333334,0.03333333333333334,0.03333333333333334,0.03333333333333334,0.03333333333333334,0.03333333333333334,0.03333333333333334,0.03333333333333334,0.03333333333333333,0.03333333333333333,0.03333333333333334,0.03333333333333334,0.03333333333333331,0.03333333333333331,0.03333333333333331,0.03333333333333331,0.03333333333333331
34,0.033333333333333326,0.033333333333333326,0.033333333333333326,0.033333333333333326,0.033333333333333326,0.033333333333333326,0.033333333333333326,0.033333333333333326,0.033333333333333326,0.033333333333333326,0.033333333333333326,0.033333333333333326,0.033333333333333326,0.033333333333333326,0.033333333333333326,0.033333333333333326,0.033333333333333326,0.033333333333333326,0.033333333333333326,0.033333333333333326,0.033333333333333326,0.033333333333333326,0.033333333333333326,0.03333333333333335,0.03333333333333335,0.03333333333333335,0.03333333333333335,0.03333333333333335,0.03333333333333335,0.03333333333333335
35,0.03333333333333333,0.03333333333333333,0.03333333333333333,0.03333333333333333,0.03333333333333333,0.03333333333333333,0.03333333333333333,0.03333333333333333,0.03333333333333333,0.03333333333333333,0.03333333333333333,0.03333333333333333,0.03333333333333333,0.03333333333333333,0.03333333333333333,0.03333333333333333,0.03333333333333333,0.03333333333333333,0.03333333333333333,0.03333333333333333,0.03333333333333333,0.03333333333333333,0.03333333333333333,0.03333333333333333,0.03333333333333333,0.03333333333333333,0.03333333333333333,0.03333333333333333,0.03333333333333333,0.03333333333333333
36,0.033333333333333326,0.033333333333333326,0.033333333333333326,0.033333333333333326,0.033333333333333326,0.033333333333333326,0.033333333333333326,0.033333333333333326,0.033333333333333326,0.033333333333333326,0.033333333333333326,0.033333333333333326,0.033333333333333326,0.033333333333333326,0.033333333333333326,0.033333333333333326,0.033333333333333326,0.033333333333333326,0.033333333333333326,0.033333333333333326,0.03333333333333333,0.03333333333333333,0.03333333333333333,0.03333333333333333,0.03333333333333333,0.03333333333333333,0.03333333333333333,0.03333333333333333,0.03333333333333333,0.03333333333333333
37,0.03333333333333333,0.03333333333333333,0.03333333333333333,0.03333333333333333,0.03333333333333333,0.03333333333333333,0.03333333333333333,0.03333333333333333,0.03333333333333334,0.03333333333333333,0.03333333333333333,0.03333333333333333,0.03333333333333333,0.03333333333333333,0.03333333333333333,0.03333333333333333,0.03333333333333333,0.03333333333333334,0.03333333333333333,0.03333333333333333,0.03333333333333334,0.03333333333333333,0.03333333333333333,0.03333333333333333,0.03333333333333336,0.03333333333333336,0.03333333333333336,0.03333333333333336,0.03333333333333336,0.03333333333333336
38,0.03333333333333333,0.03333333333333333,0.03333333333333333,0.03333333333333333,0.03333333333333333,0.03333333333333333,0.03333333333333333,0.03333333333333333,0.03333333333333333,0.03333333333333333,0.03333333333333333,0.03333333333333333,0.03333333333333333,0.03333333333333333,0.03333333333333333,0.03333333333333333,0.03333333333333333,0.03333333333333333,0.03333333333333333,0.03333333333333333,0.03333333333333333,0.03333333333333333,0.03333333333333333,0.03333333333333333,0.03333333333333332,0.03333333333333332,0.03333333333333332,0.03333333333333332,0.03333333333333332,0.03333333333333332
39,0.03333333333333333,0.03333333333333333,0.03333333333333333,0.03333333333333333,0.03333333333333333,0.03333333333333333,0.03333333333333333,0.03333333333333333,0.03333333333333333,0.03333333333333333,0.03333333333333333,0.03333333333333333,0.03333333333333333,0.03333333333333333,0.03333333333333333,0.03333333333333333,0.03333333333333333,0.03333333333333333,0.03333333333333333,0.03333333333333333,0.03333333333333333,0.03333333333333333,0.03333333333333333,0.03333333333333333,0.03333333333333333,0.03333333333333332,0.03333333333333332,0.03333333333333332,0.03333333333333332,0.03333333333333332
40,0.033333333333333326,0.033333333333333326,0.03333333333333333,0.033333333333333326,0.03333333333333333,0.033333333333333326,0.033333333333333326,0.03333333333333333,0.033333333333333326,0.033333333333333326,0.033333333333333326,0.033333333333333326,0.033333333333333326,0.03333333333333333,0.03333333333333333,0.03333333333333333,0.03333333333333333,0.03333333333333333,0.033333333333333326,0.033333333333333326,0.033333333333333326,0.033333333333333326,0.033333333333333326,0.03333333333333333,0.03333333333333333,0.03333333333333333,0.03333333333333333,0.033333333333333326,0.03333333333333337,0.03333333333333337
41,0.03333333333333333,0.033333333333333326,0.03333333333333333,0.03333333333333333,0.03333333333333333,0.03333333333333333,0.03333333333333333,0.03333333333333333,0.03333333333333333,0.03333333333333333,0.03333333333333333,0.03333333333333333,0.03333333333333333,0.03333333333333333,0.03333333333333333,0.03333333333333333,0.03333333333333333,0.03333333333333333,0.03333333333333333,0.033333333333333326,0.03333333333333333,0.03333333333333333,0.033333333333333326,0.03333333333333333,0.03333333333333332,0.03333333333333332,0.03333333333333332,0.03333333333333332,0.03333333333333332,0.03333333333333332
42,0.03333333333333333,0.03333333333333333,0.03333333333333333,0.03333333333333333,0.03333333333333333,0.03333333333333333,0.03333333333333333,0.03333333333333333,0.03333333333333333,0.03333333333333333,0.03333333333333333,0.03333333333333333,0.03333333333333333,0.03333333333333333,0.03333333333333333,0.03333333333333333,0.03333333333333333,0.03333333333333333,0.03333333333333333,0.03333333333333333,0.03333333333333333,0.03333333333333333,0.03333333333333333,0.03333333333333333,0.03333333333333333,0.033333333333333326,0.033333333333333326,0.033333333333333326,0.033333333333333326,0.033333333333333326
43,0.03333333333333333,0.03333333333333333,0.03333333333333333,0.03333333333333333,0.03333333333333333,0.03333333333333333,0.03333333333333333,0.03333333333333333,0.03333333333333333,0.03333333333333333,0.03333333333333333,0.03333333333333333,0.03333333333333333,0.03333333333333333,0.03333333333333333,0.03333333333333333,0.03333333333333333,0.03333333333333333,0.03333333333333333,0.03333333333333333,0.03333333333333333,0.03333333333333333,0.03333333333333335,0.03333333333333335,0.03333333333333335,0.03333333333333335,0.03333333333333335,0.03333333333333335,0.03333333333333335,0.03333333333333335
44,0.03333333333333333,0.03333333333333333,0.03333333333333333,0.03333333333333333,0.03333333333333333,0.03333333333333334,0.03333333333333333,0.03333333333333333,0.03333333333333333,0.03333333333333333,0.03333333333333333,0.03333333333333333,0.03333333333333333,0.03333333333333333,0.03333333333333333,0.03333333333333333,0.03333333333333333,0.03333333333333333,0.03333333333333333,0.03333333333333333,0.03333333333333334,0.03333333333333333,0.03333333333333333,0.03333333333333333,0.03333333333333333,0.03333333333333333,0.03333333333333337,0.03333333333333337,0.03333333333333337,0.03333333333333337
45,0.03333333333333333,0.03333333333333333,0.03333333333333333,0.03333333333333333,0.03333333333333333,0.03333333333333333,0.03333333333333333,0.03333333333333333,0.03333333333333333,0.03333333333333333,0.03333333333333333,0.03333333333333333,0.03333333333333333,0.03333333333333333,0.03333333333333333,0.03333333333333333,0.03333333333333333,0.03333333333333333,0.03333333333333333,0.03333333333333333,0.03333333333333333,0.03333333333333333,0.03333333333333333,0.03333333333333335,0.03333333333333335,0.03333333333333335,0.03333333333333335,0.03333333333333335,0.03333333333333335,0.03333333333333335
46,0.03333333333333333,0.03333333333333333,0.03333333333333333,0.03333333333333333,0.03333333333333333,0.03333333333333333,0.03333333333333333,0.03333333333333333,0.03333333333333333,0.03333333333333333,0.03333333333333333,0.03333333333333334,0.03333333333333333,0.03333333333333333,0.03333333333333333,0.03333333333333333,0.03333333333333333,0.03333333333333333,0.03333333333333333,0.03333333333333333,0.03333333333333333,0.03333333333333333,0.03333333333333333,0.03333333333333334,0.03333333333333334,0.03333333333333334,0.03333333333333334,0.03333333333333334,0.03333333333333334,0.03333333333333334
47,0.03333333333333333,0.03333333333333333,0.03333333333333333,0.03333333333333333,0.03333333333333333,0.03333333333333333,0.03333333333333333,0.03333333333333333,0.03333333333333334,0.03333333333333333,0.03333333333333333,0.03333333333333333,0.03333333333333333,0.03333333333333333,0.03333333333333333,0.03333333333333333,0.03333333333333333,0.03333333333333333,0.03333333333333334,0.03333333333333333,0.03333333333333333,0.03333333333333333,0.03333333333333333,0.03333333333333333,0.03333333333333333,0.03333333333333333,0.03333333333333333,0.03333333333333333,0.03333333333333335,0.03333333333333335
48,0.03333333333333333,0.03333333333333333,0.03333333333333333,0.03333333333333333,0.03333333333333333,0.03333333333333333,0.03333333333333333,0.03333333333333333,0.03333333333333333,0.03333333333333333,0.03333333333333333,0.03333333333333333,0.03333333333333333,0.03333333333333333,0.03333333333333333,0.03333333333333333,0.03333333333333333,0.03333333333333333,0.03333333333333333,0.03333333333333333,0.03333333333333333,0.03333333333333333,0.03333333333333333,0.03333333333333333,0.033333333333333326,0.033333333333333326,0.033333333333333326,0.033333333333333326,0.033333333333333326,0.033333333333333326
49,0.03333333333333333,0.03333333333333333,0.03333333333333333,0.03333333333333333,0.03333333333333333,0.03333333333333333,0.03333333333333333,0.03333333333333333,0.03333333333333333,0.03333333333333333,0.03333333333333333,0.03333333333333333,0.03333333333333333,0.03333333333333333,0.03333333333333333,0.03333333333333333,0.03333333333333333,0.03333333333333333,0.03333333333333333,0.03333333333333333,0.03333333333333333,0.03333333333333333,0.03333333333333333,0.03333333333333333,0.033333333333333326,0.033333333333333326,0.033333333333333326,0.033333333333333326,0.033333333333333326,0.033333333333333326
50,0.033333333333333326,0.033333333333333326,0.033333333333333326,0.033333333333333326,0.033333333333333326,0.033333333333333326,0.033333333333333326,0.033333333333333326,0.033333333333333326,0.033333333333333326,0.033333333333333326,0.033333333333333326,0.033333333333333326,0.033333333333333326,0.033333333333333326,0.033333333333333326,0.033333333333333326,0.033333333333333326,0.033333333333333326,0.033333333333333326,0.033333333333333326,0.033333333333333326,0.033333333333333326,0.033333333333333326,0.033333333333333326,0.03333333333333334,0.03333333333333334,0.03333333333333334,0.03333333333333334,0.03333333333333334
51,0.03333333333333333,0.03333333333333333,0.03333333333333333,0.03333333333333333,0.03333333333333333,0.03333333333333334,0.03333333333333333,0.03333333333333333,0.03333333333333333,0.03333333333333333,0.03333333333333333,0.03333333333333333,0.03333333333333333,0.03333333333333333,0.03333333333333333,0.03333333333333333,0.03333333333333333,0.03333333333333333,0.03333333333333333,0.03333333333333333,0.03333333333333333,0.03333333333333333,0.03333333333333333,0.03333333333333333,0.03333333333333333,0.03333333333333333,0.033333333333333354,0.033333333333333354,0.033333333333333354,0.033333333333333354
52,0.033333333333333326,0.03333333333333332,0.03333333333333332,0.03333333333333332,0.03333333333333332,0.03333333333333332,0.033333333333333326,0.033333333333333326,0.03333333333333332,0.03333333333333332,0.03333333333333332,0.033333333333333326,0.03333333333333332,0.03333333333333332,0.03333333333333332,0.03333333333333332,0.033333333333333326,0.03333333333333332,0.03333333333333332,0.03333333333333332,0.03333333333333332,0.03333333333333332,0.03333333333333332,0.03333333333333332,0.03333333333333332,0.03333333333333332,0.03333333333333338,0.03333333333333338,0.03333333333333338,0.03333333333333338
53,0.033333333333333326,0.03333333333333333,0.03333333333333333,0.03333333333333333,0.03333333333333333,0.03333333333333333,0.03333333333333333,0.03333333333333333,0.03333333333333333,0.03333333333333333,0.03333333333333333,0.03333333333333333,0.03333333333333333,0.03333333333333333,0.03333333333333333,0.03333333333333333,0.03333333333333333,0.03333333333333333,0.03333333333333333,0.03333333333333333,0.03333333333333333,0.03333333333333333,0.03333333333333333,0.03333333333333332,0.03333333333333332,0.03333333333333332,0.03333333333333332,0.03333333333333332,0.03333333333333332,0.03333333333333332
54,0.03333333333333333,0.03333333333333333,0.03333333333333333,0.03333333333333333,0.03333333333333333,0.03333333333333333,0.03333333333333333,0.03333333333333333,0.03333333333333333,0.03333333333333333,0.03333333333333333,0.03333333333333333,0.03333333333333333,0.03333333333333333,0.03333333333333333,0.03333333333333333,0.03333333333333333,0.03333333333333333,0.03333333333333333,0.03333333333333333,0.03333333333333333,0.03333333333333333,0.03333333333333333,0.03333333333333333,0.03333333333333333,0.03333333333333333,0.033333333333333354,0.033333333333333354,0.033333333333333354,0.033333333333333354
55,0.03333333333333333,0.03333333333333333,0.03333333333333333,0.03333333333333333,0.03333333333333333,0.03333333333333333,0.03333333333333333,0.03333333333333333,0.03333333333333333,0.03333333333333333,0.03333333333333333,0.03333333333333333,0.03333333333333333,0.03333333333333333,0.03333333333333333,0.03333333333333333,0.03333333333333333,0.03333333333333333,0.03333333333333333,0.03333333333333333,0.03333333333333333,0.03333333333333333,0.03333333333333333,0.03333333333333333,0.03333333333333333,0.03333333333333333,0.03333333333333333,0.03333333333333333,0.03333333333333333,0.03333333333333333
56,0.03333333333333333,0.03333333333333333,0.03333333333333333,0.03333333333333333,0.03333333333333333,0.03333333333333333,0.03333333333333333,0.03333333333333333,0.03333333333333333,0.03333333333333333,0.03333333333333333,0.033333333333333326,0.03333333333333333,0.03333333333333333,0.03333333333333333,0.03333333333333333,0.03333333333333333,0.03333333333333333,0.03333333333333333,0.03333333333333333,0.03333333333333333,0.03333333333333333,0.03333333333333333,0.03333333333333333,0.03333333333333333,0.03333333333333333,0.03333333333333331,0.03333333333333331,0.03333333333333331,0.03333333333333331
57,0.033333333333333326,0.033333333333333326,0.033333333333333326,0.033333333333333326,0.033333333333333326,0.033333333333333326,0.033333333333333326,0.033333333333333326,0.03333333333333333,0.033333333333333326,0.033333333333333326,0.033333333333333326,0.033333333333333326,0.033333333333333326,0.033333333333333326,0.033333333333333326,0.033333333333333326,0.033333333333333326,0.033333333333333326,0.033333333333333326,0.033333333333333326,0.033333333333333326,0.033333333333333326,0.033333333333333326,0.033333333333333326,0.03333333333333334,0.03333333333333334,0.03333333333333334,0.03333333333333334,0.03333333333333334
58,0.03333333333333333,0.03333333333333333,0.03333333333333333,0.03333333333333333,0.03333333333333333,0.03333333333333333,0.03333333333333333,0.03333333333333333,0.03333333333333333,0.03333333333333333,0.03333333333333333,0.03333333333333333,0.03333333333333333,0.03333333333333333,0.03333333333333333,0.03333333333333333,0.03333333333333333,0.03333333333333333,0.03333333333333333,0.03333333333333333,0.03333333333333333,0.03333333333333333,0.03333333333333332,0.03333333333333332,0.03333333333333332,0.03333333333333332,0.03333333333333332,0.03333333333333332,0.03333333333333332,0.03333333333333332
59,0.03333333333333333,0.03333333333333333,0.03333333333333333,0.03333333333333333,0.03333333333333333,0.03333333333333333,0.03333333333333333,0.03333333333333333,0.03333333333333333,0.03333333333333333,0.03333333333333333,0.03333333333333333,0.03333333333333333,0.03333333333333333,0.03333333333333333,0.03333333333333333,0.03333333333333333,0.03333333333333333,0.03333333333333333,0.03333333333333333,0.03333333333333333,0.03333333333333334,0.03333333333333334,0.03333333333333334,0.03333333333333334,0.03333333333333334,0.03333333333333334,0.03333333333333334,0.03333333333333334,0.03333333333333334
60,0.03333333333333334,0.03333333333333334,0.03333333333333334,0.03333333333333334,0.03333333333333334,0.03333333333333334,0.03333333333333334,0.03333333333333334,0.03333333333333333,0.03333333333333334,0.03333333333333334,0.03333333333333334,0.03333333333333334,0.03333333333333334,0.03333333333333334,0.03333333333333334,0.03333333333333334,0.03333333333333334,0.03333333333333334,0.03333333333333334,0.03333333333333334,0.03333333333333334,0.03333333333333334,0.03333333333333334,0.03333333333333334,0.03333333333333334,0.03333333333333331,0.03333333333333331,0.03333333333333331,0.03333333333333331
61,0.03333333333333333,0.03333333333333333,0.03333333333333333,0.03333333333333333,0.03333333333333333,0.03333333333333333,0.03333333333333333,0.03333333333333333,0.03333333333333333,0.03333333333333333,0.03333333333333333,0.03333333333333333,0.03333333333333333,0.03333333333333333,0.03333333333333333,0.03333333333333333,0.03333333333333333,0.03333333333333333,0.03333333333333333,0.03333333333333333,0.03333333333333333,0.03333333333333333,0.033333333333333326,0.033333333333333326,0.033333333333333326,0.033333333333333326,0.033333333333333326,0.033333333333333326,0.033333333333333326,0.033333333333333326
62,0.03333333333333333,0.03333333333333333,0.03333333333333333,0.03333333333333333,0.03333333333333333,0.03333333333333333,0.03333333333333333,0.03333333333333333,0.03333333333333333,0.03333333333333333,0.03333333333333333,0.03333333333333333,0.03333333333333333,0.03333333333333333,0.03333333333333333,0.03333333333333333,0.03333333333333333,0.03333333333333333,0.03333333333333333,0.03333333333333333,0.03333333333333333,0.03333333333333333,0.03333333333333333,0.03333333333333333,0.03333333333333333,0.03333333333333333,0.03333333333333333,0.03333333333333333,0.03333333333333333,0.03333333333333333
63,0.033333333333333326,0.033333333333333326,0.03333333333333333,0.033333333333333326,0.033333333333333326,0.033333333333333326,0.033333333333333326,0.033333333333333326,0.03333333333333333,0.033333333333333326,0.033333333333333326,0.033333333333333326,0.03333333333333333,0.033333333333333326,0.033333333333333326,0.033333333333333326,0.033333333333333326,0.033333333333333326,0.033333333333333326,0.033333333333333326,0.033333333333333326,0.033333333333333326,0.03333333333333333,0.033333333333333326,0.033333333333333326,0.033333333333333326,0.033333333333333326,0.03333333333333334,0.03333333333333334,0.03333333333333334
64,0.03333333333333333,0.03333333333333333,0.03333333333333333,0.03333333333333333,0.03333333333333333,0.03333333333333333,0.03333333333333333,0.03333333333333333,0.03333333333333333,0.03333333333333333,0.03333333333333333,0.03333333333333333,0.03333333333333333,0.03333333333333333,0.03333333333333333,0.03333333333333333,0.03333333333333333,0.03333333333333333,0.03333333333333333,0.03333333333333333,0.03333333333333333,0.03333333333333333,0.03333333333333333,0.03333333333333333,0.03333333333333333,0.03333333333333333,0.03333333333333333,0.03333333333333333,0.03333333333333333,0.03333333333333333
