,0,1,2,3,4,5,6,7,8,9,10,11,12,13,14,15,16
0,0.058823529411764705,0.058823529411764705,0.058823529411764705,0.058823529411764705,0.058823529411764705,0.058823529411764705,0.058823529411764705,0.058823529411764705,0.058823529411764705,0.058823529411764705,0.058823529411764705,0.058823529411764705,0.058823529411764705,0.058823529411764705,0.058823529411764705,0.058823529411764705,0.058823529411764705
1,0.0588235294117647,0.0588235294117647,0.058823529411764684,0.05882352941176471,0.058823529411764705,0.05882352941176471,0.05882352941176471,0.058823529411764705,0.0588235294117647,0.058823529411764705,0.058823529411764705,0.05882352941176471,0.058823529411764684,0.05882352941176471,0.058823529411764705,0.05882352941176471,0.058823529411764705
2,0.058823529411764705,0.058823529411764705,0.058823529411764705,0.058823529411764705,0.058823529411764705,0.058823529411764705,0.058823529411764705,0.058823529411764705,0.058823529411764705,0.058823529411764705,0.058823529411764705,0.058823529411764705,0.05882352941176472,0.05882352941176472,0.05882352941176472,0.05882352941176472,0.05882352941176472
3,0.058823529411764705,0.058823529411764705,0.058823529411764705,0.058823529411764705,0.058823529411764705,0.058823529411764705,0.058823529411764705,0.058823529411764705,0.058823529411764705,0.058823529411764705,0.058823529411764705,0.058823529411764705,0.05882352941176473,0.05882352941176473,0.05882352941176473,0.05882352941176473,0.05882352941176473
4,0.058823529411764705,0.05882352941176471,0.058823529411764705,0.058823529411764705,0.05882352941176471,0.05882352941176472,0.058823529411764705,0.058823529411764705,0.058823529411764705,0.05882352941176471,0.058823529411764705,0.05882352941176471,0.058823529411764705,0.05882352941176472,0.058823529411764705,0.05882352941176477,0.05882352941176477
5,0.058823529411764705,0.058823529411764705,0.058823529411764705,0.058823529411764705,0.058823529411764705,0.058823529411764705,0.058823529411764705,0.058823529411764705,0.058823529411764705,0.058823529411764705,0.058823529411764705,0.058823529411764705,0.05882352941176469,0.05882352941176469,0.05882352941176469,0.05882352941176469,0.05882352941176469
6,0.058823529411764705,0.058823529411764705,0.058823529411764705,0.058823529411764705,0.058823529411764705,0.058823529411764705,0.058823529411764705,0.058823529411764705,0.058823529411764705,0.058823529411764705,0.058823529411764705,0.058823529411764705,0.05882352941176469,0.05882352941176469,0.05882352941176469,0.05882352941176469,0.05882352941176469
7,0.058823529411764705,0.058823529411764705,0.058823529411764705,0.058823529411764705,0.058823529411764705,0.058823529411764705,0.058823529411764705,0.058823529411764705,0.058823529411764705,0.058823529411764705,0.058823529411764705,0.058823529411764705,0.0588235294117647,0.0588235294117647,0.0588235294117647,0.0588235294117647,0.0588235294117647
8,0.058823529411764705,0.058823529411764705,0.058823529411764705,0.058823529411764705,0.058823529411764705,0.058823529411764705,0.058823529411764705,0.058823529411764705,0.058823529411764705,0.058823529411764705,0.058823529411764705,0.0588235294117647,0.0588235294117647,0.0588235294117647,0.0588235294117647,0.0588235294117647,0.0588235294117647
9,0.058823529411764705,0.058823529411764705,0.058823529411764705,0.058823529411764705,0.058823529411764705,0.058823529411764705,0.058823529411764705,0.058823529411764705,0.058823529411764705,0.058823529411764705,0.05882352941176471,0.05882352941176471,0.05882352941176471,0.05882352941176471,0.05882352941176471,0.05882352941176471,0.05882352941176471
10,0.058823529411764705,0.058823529411764705,0.058823529411764705,0.058823529411764705,0.058823529411764705,0.058823529411764705,0.058823529411764705,0.058823529411764705,0.058823529411764705,0.058823529411764705,0.058823529411764705,0.058823529411764705,0.05882352941176472,0.05882352941176472,0.05882352941176472,0.05882352941176472,0.05882352941176472
11,0.05882352941176472,0.05882352941176472,0.05882352941176472,0.05882352941176472,0.05882352941176472,0.05882352941176472,0.05882352941176472,0.05882352941176472,0.05882352941176472,0.05882352941176472,0.058823529411764705,0.058823529411764705,0.058823529411764705,0.058823529411764705,0.058823529411764705,0.058823529411764705,0.058823529411764705
12,0.058823529411764726,0.058823529411764726,0.058823529411764726,0.058823529411764726,0.058823529411764726,0.058823529411764726,0.058823529411764726,0.058823529411764726,0.05882352941176472,0.058823529411764726,0.05882352941176472,0.05882352941176471,0.058823529411764726,0.058823529411764726,0.05882352941176467,0.05882352941176467,0.05882352941176467
13,0.058823529411764705,0.058823529411764705,0.058823529411764705,0.058823529411764705,0.058823529411764705,0.058823529411764705,0.058823529411764705,0.058823529411764705,0.058823529411764705,0.058823529411764705,0.058823529411764705,0.058823529411764705,0.058823529411764684,0.058823529411764684,0.058823529411764684,0.058823529411764684,0.058823529411764684
14,0.058823529411764705,0.0588235294117647,0.058823529411764705,0.058823529411764705,0.058823529411764705,0.058823529411764705,0.058823529411764705,0.058823529411764705,0.058823529411764705,0.058823529411764705,0.058823529411764705,0.058823529411764705,0.05882352941176469,0.05882352941176469,0.05882352941176469,0.05882352941176469,0.05882352941176469
15,0.058823529411764705,0.058823529411764705,0.058823529411764705,0.058823529411764705,0.058823529411764705,0.058823529411764705,0.058823529411764705,0.058823529411764705,0.058823529411764705,0.058823529411764705,0.058823529411764705,0.0588235294117647,0.0588235294117647,0.0588235294117647,0.0588235294117647,0.0588235294117647,0.0588235294117647
16,0.058823529411764705,0.058823529411764705,0.058823529411764705,0.058823529411764705,0.058823529411764705,0.058823529411764705,0.058823529411764705,0.058823529411764705,0.058823529411764705,0.058823529411764705,0.058823529411764705,0.058823529411764705,0.058823529411764705,0.058823529411764726,0.058823529411764726,0.058823529411764726,0.058823529411764726
17,0.058823529411764705,0.058823529411764705,0.058823529411764705,0.058823529411764705,0.058823529411764705,0.058823529411764705,0.058823529411764705,0.058823529411764705,0.058823529411764705,0.058823529411764705,0.058823529411764705,0.058823529411764705,0.058823529411764705,0.058823529411764705,0.058823529411764705,0.058823529411764705,0.058823529411764705
18,0.058823529411764705,0.058823529411764705,0.058823529411764705,0.058823529411764705,0.058823529411764705,0.058823529411764705,0.058823529411764705,0.058823529411764705,0.058823529411764705,0.058823529411764705,0.058823529411764705,0.058823529411764705,0.058823529411764705,0.058823529411764705,0.058823529411764705,0.058823529411764705,0.058823529411764705
19,0.058823529411764705,0.058823529411764705,0.058823529411764705,0.058823529411764705,0.058823529411764705,0.058823529411764705,0.058823529411764705,0.058823529411764705,0.058823529411764705,0.058823529411764705,0.058823529411764705,0.058823529411764705,0.058823529411764705,0.05882352941176473,0.05882352941176473,0.05882352941176473,0.05882352941176473
20,0.058823529411764705,0.058823529411764705,0.05882352941176471,0.058823529411764705,0.058823529411764705,0.058823529411764705,0.058823529411764705,0.05882352941176471,0.058823529411764705,0.058823529411764705,0.05882352941176471,0.058823529411764705,0.058823529411764705,0.058823529411764754,0.058823529411764754,0.058823529411764754,0.058823529411764754
21,0.058823529411764705,0.058823529411764705,0.058823529411764705,0.058823529411764705,0.058823529411764705,0.058823529411764705,0.058823529411764705,0.058823529411764705,0.058823529411764705,0.058823529411764705,0.058823529411764705,0.058823529411764705,0.058823529411764705,0.058823529411764705,0.058823529411764705,0.058823529411764705,0.058823529411764705
22,0.058823529411764705,0.058823529411764705,0.058823529411764705,0.058823529411764705,0.058823529411764705,0.058823529411764705,0.058823529411764705,0.058823529411764705,0.058823529411764705,0.058823529411764705,0.058823529411764705,0.05882352941176471,0.05882352941176471,0.05882352941176471,0.05882352941176471,0.05882352941176471,0.05882352941176471
23,0.058823529411764705,0.058823529411764705,0.058823529411764705,0.058823529411764705,0.058823529411764705,0.058823529411764705,0.058823529411764705,0.058823529411764705,0.058823529411764705,0.058823529411764705,0.058823529411764705,0.058823529411764705,0.058823529411764705,0.058823529411764705,0.058823529411764705,0.058823529411764705,0.058823529411764705
24,0.058823529411764705,0.058823529411764705,0.058823529411764705,0.058823529411764705,0.058823529411764705,0.058823529411764705,0.058823529411764705,0.058823529411764705,0.058823529411764705,0.058823529411764705,0.058823529411764705,0.058823529411764705,0.058823529411764705,0.058823529411764705,0.05882352941176472,0.05882352941176472,0.05882352941176472
25,0.05882352941176469,0.05882352941176469,0.05882352941176469,0.05882352941176469,0.05882352941176469,0.05882352941176469,0.05882352941176469,0.05882352941176469,0.05882352941176469,0.05882352941176469,0.058823529411764726,0.058823529411764726,0.058823529411764726,0.058823529411764726,0.058823529411764726,0.058823529411764726,0.058823529411764726
26,0.05882352941176471,0.05882352941176471,0.05882352941176471,0.05882352941176471,0.05882352941176471,0.05882352941176471,0.05882352941176471,0.05882352941176471,0.05882352941176471,0.05882352941176471,0.058823529411764705,0.058823529411764705,0.058823529411764705,0.058823529411764705,0.058823529411764705,0.058823529411764705,0.058823529411764705
27,0.058823529411764705,0.058823529411764705,0.058823529411764705,0.058823529411764705,0.058823529411764705,0.058823529411764705,0.058823529411764705,0.058823529411764705,0.058823529411764705,0.058823529411764705,0.058823529411764705,0.058823529411764705,0.058823529411764705,0.058823529411764705,0.058823529411764705,0.058823529411764705,0.058823529411764705
28,0.058823529411764705,0.058823529411764705,0.058823529411764705,0.058823529411764705,0.058823529411764705,0.058823529411764705,0.058823529411764705,0.05882352941176471,0.058823529411764705,0.058823529411764705,0.058823529411764705,0.058823529411764705,0.058823529411764705,0.058823529411764726,0.058823529411764726,0.058823529411764726,0.058823529411764726
29,0.05882352941176471,0.05882352941176471,0.05882352941176471,0.05882352941176471,0.05882352941176471,0.05882352941176471,0.05882352941176471,0.05882352941176471,0.05882352941176471,0.05882352941176471,0.058823529411764705,0.058823529411764705,0.058823529411764705,0.058823529411764705,0.058823529411764705,0.058823529411764705,0.058823529411764705
