,0,1,2,3,4,5,6,7,8,9,10,11,12,13,14,15,16,17,18,19,20,21,22,23,24,25,26,27,28,29
0,0.03333333333333333,0.03333333333333333,0.03333333333333333,0.03333333333333333,0.03333333333333333,0.03333333333333333,0.03333333333333333,0.03333333333333333,0.03333333333333333,0.03333333333333333,0.03333333333333333,0.03333333333333333,0.03333333333333333,0.03333333333333333,0.03333333333333333,0.03333333333333333,0.03333333333333333,0.03333333333333333,0.03333333333333333,0.03333333333333333,0.03333333333333333,0.03333333333333333,0.03333333333333333,0.03333333333333333,0.03333333333333333,0.03333333333333333,0.03333333333333333,0.03333333333333333,0.03333333333333333,0.03333333333333333
1,0.03333333333333334,0.03333333333333333,0.03333333333333334,0.03333333333333334,0.03333333333333333,0.03333333333333334,0.03333333333333334,0.03333333333333334,0.03333333333333334,0.033333333333333326,0.033333333333333326,0.033333333333333326,0.03333333333333334,0.03333333333333334,0.033333333333333326,0.03333333333333335,0.03333333333333333,0.03333333333333335,0.03333333333333334,0.03333333333333335,0.033333333333333326,0.033333333333333326,0.03333333333333333,0.033333333333333326,0.033333333333333326,0.033333333333333326,0.03333333333333333,0.03333333333333334,0.03333333333333334,0.033333333333333326
2,0.03333333333333333,0.033333333333333326,0.033333333333333326,0.033333333333333326,0.033333333333333326,0.033333333333333326,0.033333333333333326,0.033333333333333326,0.033333333333333326,0.033333333333333326,0.033333333333333326,0.033333333333333326,0.033333333333333326,0.03333333333333333,0.033333333333333326,0.033333333333333326,0.033333333333333326,0.033333333333333326,0.033333333333333326,0.033333333333333326,0.033333333333333326,0.033333333333333326,0.03333333333333333,0.033333333333333326,0.033333333333333326,0.03333333333333337,0.03333333333333337,0.03333333333333337,0.03333333333333337,0.03333333333333337
3,0.03333333333333334,0.03333333333333334,0.03333333333333334,0.03333333333333334,0.03333333333333334,0.03333333333333334,0.03333333333333334,0.03333333333333334,0.03333333333333334,0.03333333333333334,0.03333333333333333,0.03333333333333334,0.03333333333333334,0.03333333333333334,0.03333333333333334,0.03333333333333334,0.03333333333333334,0.03333333333333334,0.03333333333333334,0.03333333333333334,0.03333333333333334,0.03333333333333334,0.03333333333333334,0.03333333333333332,0.03333333333333332,0.03333333333333332,0.03333333333333332,0.03333333333333332,0.03333333333333332,0.03333333333333332
4,0.03333333333333333,0.03333333333333333,0.03333333333333333,0.03333333333333333,0.03333333333333333,0.03333333333333333,0.03333333333333333,0.03333333333333333,0.03333333333333333,0.03333333333333333,0.03333333333333333,0.03333333333333333,0.03333333333333333,0.03333333333333333,0.03333333333333333,0.03333333333333333,0.03333333333333333,0.03333333333333333,0.03333333333333333,0.03333333333333333,0.03333333333333333,0.03333333333333333,0.03333333333333332,0.03333333333333332,0.03333333333333332,0.03333333333333332,0.03333333333333332,0.03333333333333332,0.03333333333333332,0.03333333333333332
5,0.03333333333333333,0.03333333333333334,0.03333333333333333,0.03333333333333333,0.03333333333333334,0.03333333333333334,0.03333333333333333,0.03333333333333333,0.03333333333333333,0.03333333333333333,0.03333333333333333,0.03333333333333334,0.03333333333333334,0.03333333333333334,0.03333333333333333,0.03333333333333333,0.03333333333333334,0.03333333333333333,0.03333333333333334,0.03333333333333333,0.03333333333333333,0.03333333333333334,0.033333333333333375,0.033333333333333375,0.033333333333333375,0.033333333333333375,0.033333333333333375,0.033333333333333375,0.033333333333333375,0.033333333333333375
6,0.03333333333333333,0.03333333333333333,0.03333333333333333,0.03333333333333333,0.03333333333333333,0.03333333333333333,0.03333333333333333,0.03333333333333333,0.03333333333333333,0.03333333333333333,0.03333333333333333,0.03333333333333333,0.03333333333333333,0.03333333333333333,0.03333333333333333,0.03333333333333333,0.03333333333333333,0.03333333333333333,0.03333333333333333,0.03333333333333333,0.03333333333333333,0.03333333333333333,0.03333333333333333,0.033333333333333326,0.033333333333333326,0.033333333333333326,0.033333333333333326,0.033333333333333326,0.033333333333333326,0.033333333333333326
7,0.03333333333333333,0.03333333333333333,0.03333333333333333,0.03333333333333333,0.03333333333333333,0.03333333333333333,0.03333333333333333,0.03333333333333333,0.03333333333333333,0.03333333333333333,0.03333333333333333,0.03333333333333333,0.03333333333333333,0.03333333333333333,0.03333333333333333,0.03333333333333333,0.03333333333333333,0.03333333333333333,0.03333333333333333,0.03333333333333333,0.03333333333333333,0.03333333333333333,0.03333333333333333,0.03333333333333335,0.03333333333333335,0.03333333333333335,0.03333333333333335,0.03333333333333335,0.03333333333333335,0.03333333333333335
8,0.03333333333333333,0.03333333333333333,0.03333333333333333,0.03333333333333333,0.03333333333333333,0.03333333333333333,0.03333333333333333,0.03333333333333333,0.03333333333333333,0.03333333333333333,0.03333333333333333,0.03333333333333333,0.03333333333333333,0.03333333333333333,0.03333333333333333,0.03333333333333333,0.03333333333333333,0.03333333333333333,0.03333333333333333,0.03333333333333333,0.03333333333333333,0.03333333333333333,0.03333333333333333,0.03333333333333333,0.03333333333333333,0.03333333333333333,0.03333333333333333,0.03333333333333333,0.03333333333333333,0.03333333333333333
9,0.03333333333333333,0.03333333333333333,0.03333333333333333,0.03333333333333333,0.03333333333333333,0.03333333333333333,0.03333333333333333,0.03333333333333333,0.03333333333333333,0.03333333333333333,0.03333333333333333,0.03333333333333333,0.03333333333333333,0.03333333333333333,0.03333333333333333,0.03333333333333333,0.03333333333333333,0.03333333333333333,0.03333333333333333,0.03333333333333333,0.03333333333333334,0.03333333333333333,0.03333333333333333,0.03333333333333333,0.03333333333333337,0.03333333333333337,0.03333333333333337,0.03333333333333337,0.03333333333333337,0.03333333333333337
10,0.033333333333333326,0.033333333333333326,0.033333333333333326,0.033333333333333326,0.033333333333333326,0.033333333333333326,0.033333333333333326,0.033333333333333326,0.033333333333333326,0.033333333333333326,0.033333333333333326,0.033333333333333326,0.033333333333333326,0.033333333333333326,0.033333333333333326,0.033333333333333326,0.033333333333333326,0.033333333333333326,0.033333333333333326,0.033333333333333326,0.033333333333333326,0.033333333333333326,0.03333333333333333,0.033333333333333326,0.03333333333333333,0.033333333333333354,0.033333333333333354,0.033333333333333354,0.033333333333333354,0.033333333333333354
11,0.03333333333333333,0.03333333333333333,0.03333333333333333,0.03333333333333333,0.03333333333333333,0.03333333333333333,0.03333333333333333,0.03333333333333333,0.03333333333333333,0.03333333333333333,0.03333333333333333,0.03333333333333333,0.03333333333333333,0.03333333333333333,0.03333333333333333,0.03333333333333333,0.03333333333333333,0.03333333333333333,0.03333333333333333,0.03333333333333333,0.03333333333333333,0.03333333333333333,0.03333333333333333,0.03333333333333333,0.03333333333333333,0.03333333333333333,0.03333333333333333,0.03333333333333333,0.03333333333333333,0.03333333333333333
12,0.03333333333333333,0.03333333333333333,0.03333333333333333,0.03333333333333333,0.03333333333333333,0.03333333333333333,0.03333333333333333,0.03333333333333333,0.03333333333333333,0.03333333333333333,0.03333333333333333,0.03333333333333333,0.03333333333333333,0.03333333333333333,0.03333333333333333,0.03333333333333333,0.03333333333333333,0.03333333333333333,0.03333333333333333,0.03333333333333333,0.03333333333333333,0.03333333333333333,0.03333333333333333,0.03333333333333333,0.03333333333333335,0.03333333333333335,0.03333333333333335,0.03333333333333335,0.03333333333333335,0.03333333333333335
13,0.03333333333333333,0.03333333333333333,0.03333333333333333,0.03333333333333333,0.03333333333333333,0.03333333333333333,0.03333333333333333,0.03333333333333333,0.03333333333333333,0.03333333333333333,0.03333333333333333,0.03333333333333333,0.03333333333333333,0.03333333333333333,0.03333333333333333,0.03333333333333333,0.03333333333333333,0.03333333333333333,0.03333333333333333,0.03333333333333333,0.03333333333333333,0.03333333333333333,0.03333333333333333,0.03333333333333333,0.033333333333333326,0.033333333333333326,0.033333333333333326,0.033333333333333326,0.033333333333333326,0.033333333333333326
14,0.03333333333333333,0.03333333333333333,0.03333333333333333,0.03333333333333333,0.03333333333333333,0.03333333333333333,0.03333333333333333,0.03333333333333333,0.03333333333333333,0.03333333333333333,0.03333333333333333,0.03333333333333333,0.03333333333333333,0.03333333333333333,0.03333333333333333,0.03333333333333333,0.03333333333333333,0.03333333333333333,0.03333333333333333,0.03333333333333333,0.03333333333333333,0.03333333333333333,0.03333333333333333,0.03333333333333333,0.03333333333333333,0.03333333333333333,0.03333333333333333,0.03333333333333333,0.03333333333333333,0.03333333333333333
15,0.03333333333333333,0.03333333333333333,0.03333333333333333,0.03333333333333333,0.03333333333333333,0.03333333333333333,0.03333333333333333,0.03333333333333333,0.03333333333333333,0.03333333333333333,0.03333333333333333,0.03333333333333333,0.03333333333333333,0.03333333333333333,0.03333333333333333,0.03333333333333333,0.03333333333333333,0.03333333333333333,0.03333333333333333,0.03333333333333333,0.03333333333333333,0.03333333333333333,0.03333333333333334,0.03333333333333334,0.03333333333333334,0.03333333333333334,0.03333333333333334,0.03333333333333334,0.03333333333333334,0.03333333333333334
16,0.03333333333333333,0.03333333333333333,0.03333333333333333,0.03333333333333333,0.03333333333333333,0.03333333333333333,0.03333333333333333,0.03333333333333333,0.03333333333333333,0.03333333333333333,0.03333333333333333,0.033333333333333326,0.03333333333333333,0.03333333333333333,0.03333333333333333,0.03333333333333333,0.03333333333333333,0.03333333333333333,0.03333333333333333,0.03333333333333333,0.03333333333333333,0.03333333333333333,0.03333333333333333,0.03333333333333333,0.033333333333333305,0.033333333333333305,0.033333333333333305,0.033333333333333305,0.033333333333333305,0.033333333333333305
17,0.03333333333333333,0.03333333333333333,0.03333333333333333,0.03333333333333333,0.03333333333333333,0.03333333333333333,0.03333333333333333,0.03333333333333333,0.03333333333333333,0.03333333333333333,0.03333333333333333,0.03333333333333333,0.03333333333333333,0.03333333333333333,0.03333333333333333,0.03333333333333333,0.03333333333333334,0.03333333333333334,0.03333333333333334,0.03333333333333334,0.03333333333333334,0.03333333333333334,0.03333333333333334,0.03333333333333334,0.03333333333333334,0.03333333333333334,0.03333333333333334,0.03333333333333334,0.03333333333333334,0.03333333333333334
18,0.03333333333333334,0.03333333333333334,0.03333333333333334,0.03333333333333334,0.03333333333333334,0.03333333333333334,0.03333333333333334,0.03333333333333334,0.03333333333333334,0.03333333333333334,0.03333333333333334,0.03333333333333334,0.03333333333333334,0.03333333333333334,0.03333333333333334,0.03333333333333334,0.03333333333333334,0.03333333333333334,0.03333333333333334,0.03333333333333334,0.033333333333333326,0.033333333333333326,0.033333333333333326,0.033333333333333326,0.033333333333333326,0.033333333333333326,0.033333333333333326,0.033333333333333326,0.033333333333333326,0.033333333333333326
19,0.033333333333333326,0.033333333333333326,0.033333333333333326,0.033333333333333326,0.033333333333333326,0.033333333333333326,0.033333333333333326,0.033333333333333326,0.033333333333333326,0.033333333333333326,0.033333333333333326,0.033333333333333326,0.033333333333333326,0.033333333333333326,0.033333333333333326,0.033333333333333326,0.033333333333333326,0.033333333333333326,0.033333333333333326,0.03333333333333333,0.03333333333333333,0.03333333333333333,0.03333333333333333,0.03333333333333333,0.03333333333333333,0.03333333333333333,0.03333333333333333,0.03333333333333333,0.03333333333333333,0.03333333333333333
20,0.033333333333333326,0.033333333333333326,0.03333333333333333,0.033333333333333326,0.033333333333333326,0.033333333333333326,0.033333333333333326,0.033333333333333326,0.033333333333333326,0.033333333333333326,0.033333333333333326,0.033333333333333326,0.033333333333333326,0.033333333333333326,0.03333333333333333,0.033333333333333326,0.03333333333333333,0.033333333333333326,0.033333333333333326,0.033333333333333326,0.03333333333333333,0.033333333333333354,0.033333333333333354,0.033333333333333354,0.033333333333333354,0.033333333333333354,0.033333333333333354,0.033333333333333354,0.033333333333333354,0.033333333333333354
21,0.03333333333333333,0.03333333333333333,0.03333333333333333,0.03333333333333333,0.03333333333333333,0.03333333333333333,0.03333333333333333,0.03333333333333333,0.03333333333333333,0.03333333333333333,0.03333333333333333,0.03333333333333333,0.03333333333333333,0.03333333333333333,0.03333333333333333,0.03333333333333333,0.03333333333333333,0.03333333333333333,0.03333333333333333,0.03333333333333333,0.03333333333333333,0.03333333333333333,0.03333333333333333,0.03333333333333333,0.03333333333333333,0.03333333333333332,0.03333333333333332,0.03333333333333332,0.03333333333333332,0.03333333333333332
22,0.03333333333333333,0.03333333333333333,0.03333333333333333,0.03333333333333333,0.03333333333333333,0.03333333333333333,0.03333333333333333,0.03333333333333333,0.03333333333333333,0.03333333333333333,0.03333333333333333,0.03333333333333333,0.03333333333333333,0.03333333333333333,0.03333333333333333,0.03333333333333333,0.03333333333333333,0.03333333333333333,0.03333333333333333,0.03333333333333333,0.03333333333333333,0.03333333333333333,0.03333333333333333,0.03333333333333333,0.03333333333333334,0.03333333333333334,0.03333333333333334,0.03333333333333334,0.03333333333333334,0.03333333333333334
23,0.03333333333333333,0.03333333333333333,0.03333333333333333,0.03333333333333333,0.03333333333333333,0.03333333333333333,0.03333333333333333,0.03333333333333333,0.03333333333333333,0.03333333333333333,0.03333333333333333,0.03333333333333333,0.03333333333333333,0.03333333333333333,0.03333333333333333,0.03333333333333333,0.03333333333333333,0.03333333333333333,0.03333333333333333,0.03333333333333333,0.03333333333333333,0.03333333333333333,0.03333333333333333,0.03333333333333333,0.03333333333333334,0.03333333333333334,0.03333333333333334,0.03333333333333334,0.03333333333333334,0.03333333333333334
24,0.03333333333333333,0.03333333333333333,0.03333333333333333,0.03333333333333333,0.03333333333333333,0.03333333333333333,0.03333333333333333,0.03333333333333333,0.03333333333333333,0.03333333333333333,0.03333333333333333,0.03333333333333333,0.03333333333333333,0.03333333333333333,0.03333333333333333,0.03333333333333333,0.03333333333333333,0.03333333333333333,0.03333333333333333,0.03333333333333333,0.03333333333333333,0.03333333333333333,0.03333333333333333,0.03333333333333335,0.03333333333333335,0.03333333333333335,0.03333333333333335,0.03333333333333335,0.03333333333333335,0.03333333333333335
25,0.03333333333333333,0.03333333333333333,0.03333333333333333,0.03333333333333333,0.03333333333333333,0.03333333333333333,0.03333333333333333,0.03333333333333333,0.03333333333333333,0.03333333333333333,0.03333333333333333,0.03333333333333333,0.03333333333333333,0.03333333333333333,0.03333333333333333,0.03333333333333333,0.03333333333333333,0.03333333333333333,0.03333333333333333,0.03333333333333333,0.03333333333333333,0.03333333333333333,0.033333333333333354,0.033333333333333354,0.033333333333333354,0.033333333333333354,0.033333333333333354,0.033333333333333354,0.033333333333333354,0.033333333333333354
26,0.033333333333333326,0.033333333333333326,0.033333333333333326,0.033333333333333326,0.033333333333333326,0.033333333333333326,0.033333333333333326,0.033333333333333326,0.033333333333333326,0.033333333333333326,0.033333333333333326,0.033333333333333326,0.033333333333333326,0.033333333333333326,0.033333333333333326,0.033333333333333326,0.033333333333333326,0.033333333333333326,0.033333333333333326,0.03333333333333333,0.03333333333333333,0.03333333333333333,0.03333333333333333,0.03333333333333333,0.03333333333333333,0.03333333333333333,0.03333333333333333,0.03333333333333333,0.03333333333333333,0.03333333333333333
27,0.03333333333333334,0.03333333333333334,0.03333333333333334,0.03333333333333334,0.03333333333333334,0.03333333333333334,0.03333333333333334,0.03333333333333334,0.03333333333333334,0.03333333333333334,0.03333333333333334,0.03333333333333334,0.03333333333333334,0.03333333333333334,0.03333333333333334,0.03333333333333334,0.03333333333333334,0.03333333333333334,0.03333333333333334,0.03333333333333334,0.03333333333333334,0.03333333333333334,0.03333333333333334,0.03333333333333332,0.03333333333333332,0.03333333333333332,0.03333333333333332,0.03333333333333332,0.03333333333333332,0.03333333333333332
28,0.03333333333333333,0.03333333333333333,0.03333333333333333,0.03333333333333333,0.03333333333333333,0.03333333333333333,0.03333333333333333,0.03333333333333333,0.03333333333333333,0.03333333333333333,0.03333333333333333,0.03333333333333333,0.03333333333333333,0.03333333333333333,0.03333333333333333,0.03333333333333333,0.03333333333333333,0.03333333333333333,0.03333333333333333,0.03333333333333333,0.03333333333333333,0.03333333333333333,0.033333333333333326,0.033333333333333326,0.033333333333333326,0.033333333333333326,0.033333333333333326,0.033333333333333326,0.033333333333333326,0.033333333333333326
29,0.03333333333333333,0.03333333333333333,0.03333333333333333,0.03333333333333333,0.03333333333333333,0.03333333333333333,0.03333333333333333,0.03333333333333333,0.03333333333333333,0.03333333333333333,0.03333333333333333,0.03333333333333333,0.03333333333333333,0.03333333333333333,0.03333333333333333,0.03333333333333333,0.03333333333333333,0.03333333333333333,0.03333333333333333,0.03333333333333333,0.03333333333333333,0.03333333333333333,0.03333333333333333,0.03333333333333333,0.03333333333333333,0.03333333333333333,0.03333333333333333,0.03333333333333333,0.03333333333333333,0.03333333333333333
30,0.033333333333333326,0.033333333333333326,0.033333333333333326,0.033333333333333326,0.033333333333333326,0.03333333333333333,0.033333333333333326,0.033333333333333326,0.033333333333333326,0.033333333333333326,0.033333333333333326,0.033333333333333326,0.033333333333333326,0.033333333333333326,0.033333333333333326,0.033333333333333326,0.033333333333333326,0.033333333333333326,0.033333333333333326,0.033333333333333326,0.033333333333333326,0.033333333333333326,0.033333333333333326,0.03333333333333335,0.03333333333333335,0.03333333333333335,0.03333333333333335,0.03333333333333335,0.03333333333333335,0.03333333333333335
31,0.03333333333333333,0.03333333333333333,0.03333333333333333,0.03333333333333333,0.03333333333333333,0.03333333333333333,0.03333333333333333,0.03333333333333333,0.03333333333333333,0.03333333333333333,0.03333333333333333,0.03333333333333333,0.03333333333333333,0.03333333333333333,0.03333333333333333,0.03333333333333333,0.03333333333333333,0.03333333333333333,0.03333333333333333,0.03333333333333333,0.03333333333333333,0.03333333333333333,0.033333333333333354,0.033333333333333354,0.033333333333333354,0.033333333333333354,0.033333333333333354,0.033333333333333354,0.033333333333333354,0.033333333333333354
32,0.03333333333333333,0.03333333333333333,0.03333333333333333,0.03333333333333333,0.03333333333333333,0.03333333333333333,0.03333333333333333,0.03333333333333333,0.03333333333333333,0.03333333333333333,0.03333333333333333,0.03333333333333333,0.03333333333333333,0.03333333333333333,0.03333333333333333,0.03333333333333333,0.03333333333333333,0.03333333333333333,0.03333333333333333,0.03333333333333333,0.03333333333333333,0.03333333333333333,0.03333333333333333,0.03333333333333333,0.03333333333333333,0.03333333333333333,0.03333333333333333,0.03333333333333333,0.03333333333333333,0.03333333333333333
33,0.03333333333333333,0.03333333333333333,0.03333333333333333,0.03333333333333333,0.03333333333333333,0.03333333333333333,0.03333333333333333,0.03333333333333333,0.03333333333333333,0.03333333333333333,0.03333333333333333,0.03333333333333333,0.03333333333333333,0.03333333333333333,0.03333333333333333,0.03333333333333333,0.03333333333333333,0.03333333333333333,0.03333333333333333,0.03333333333333333,0.03333333333333333,0.03333333333333333,0.03333333333333333,0.03333333333333333,0.03333333333333333,0.03333333333333333,0.03333333333333333,0.03333333333333333,0.03333333333333333,0.03333333333333333
34,0.033333333333333326,0.033333333333333326,0.033333333333333326,0.033333333333333326,0.033333333333333326,0.033333333333333326,0.033333333333333326,0.033333333333333326,0.033333333333333326,0.033333333333333326,0.033333333333333326,0.033333333333333326,0.033333333333333326,0.033333333333333326,0.033333333333333326,0.033333333333333326,0.033333333333333326,0.033333333333333326,0.033333333333333326,0.033333333333333326,0.033333333333333326,0.033333333333333326,0.033333333333333326,0.033333333333333354,0.033333333333333354,0.033333333333333354,0.033333333333333354,0.033333333333333354,0.033333333333333354,0.033333333333333354
35,0.03333333333333333,0.03333333333333333,0.03333333333333333,0.03333333333333333,0.03333333333333333,0.033333333333333326,0.03333333333333333,0.03333333333333333,0.03333333333333333,0.03333333333333333,0.03333333333333333,0.03333333333333333,0.03333333333333333,0.03333333333333333,0.03333333333333333,0.03333333333333333,0.03333333333333333,0.03333333333333333,0.03333333333333333,0.03333333333333333,0.03333333333333333,0.03333333333333333,0.03333333333333333,0.03333333333333333,0.03333333333333333,0.03333333333333333,0.03333333333333333,0.03333333333333333,0.03333333333333333,0.03333333333333333
36,0.03333333333333333,0.03333333333333333,0.03333333333333333,0.03333333333333333,0.03333333333333333,0.03333333333333333,0.03333333333333333,0.03333333333333333,0.03333333333333333,0.03333333333333333,0.03333333333333333,0.03333333333333333,0.03333333333333333,0.03333333333333333,0.03333333333333333,0.03333333333333333,0.03333333333333333,0.03333333333333333,0.03333333333333333,0.03333333333333333,0.03333333333333333,0.03333333333333333,0.03333333333333333,0.03333333333333333,0.03333333333333335,0.03333333333333335,0.03333333333333335,0.03333333333333335,0.03333333333333335,0.03333333333333335
37,0.033333333333333326,0.033333333333333326,0.033333333333333326,0.033333333333333326,0.033333333333333326,0.033333333333333326,0.033333333333333326,0.033333333333333326,0.033333333333333326,0.033333333333333326,0.033333333333333326,0.033333333333333326,0.033333333333333326,0.033333333333333326,0.033333333333333326,0.033333333333333326,0.033333333333333326,0.033333333333333326,0.033333333333333326,0.033333333333333326,0.033333333333333326,0.033333333333333326,0.033333333333333326,0.033333333333333326,0.033333333333333326,0.03333333333333333,0.03333333333333333,0.03333333333333333,0.03333333333333333,0.03333333333333333
38,0.03333333333333333,0.03333333333333333,0.03333333333333333,0.03333333333333333,0.03333333333333333,0.03333333333333333,0.03333333333333333,0.03333333333333333,0.03333333333333333,0.03333333333333333,0.03333333333333333,0.03333333333333333,0.03333333333333333,0.03333333333333333,0.03333333333333333,0.03333333333333333,0.03333333333333333,0.03333333333333333,0.03333333333333333,0.03333333333333333,0.03333333333333333,0.03333333333333333,0.03333333333333333,0.03333333333333333,0.03333333333333333,0.03333333333333333,0.03333333333333333,0.03333333333333333,0.03333333333333333,0.03333333333333333
39,0.03333333333333333,0.03333333333333333,0.03333333333333333,0.03333333333333333,0.03333333333333333,0.03333333333333333,0.03333333333333333,0.03333333333333333,0.03333333333333333,0.03333333333333333,0.03333333333333333,0.03333333333333333,0.03333333333333333,0.03333333333333333,0.03333333333333333,0.03333333333333333,0.03333333333333333,0.03333333333333333,0.03333333333333333,0.03333333333333333,0.03333333333333333,0.03333333333333333,0.03333333333333333,0.03333333333333334,0.03333333333333334,0.03333333333333334,0.03333333333333334,0.03333333333333334,0.03333333333333334,0.03333333333333334
40,0.033333333333333326,0.03333333333333333,0.033333333333333326,0.033333333333333326,0.033333333333333326,0.033333333333333326,0.033333333333333326,0.033333333333333326,0.033333333333333326,0.033333333333333326,0.033333333333333326,0.033333333333333326,0.033333333333333326,0.033333333333333326,0.033333333333333326,0.033333333333333326,0.033333333333333326,0.033333333333333326,0.033333333333333326,0.033333333333333326,0.033333333333333326,0.033333333333333326,0.033333333333333326,0.03333333333333335,0.03333333333333335,0.03333333333333335,0.03333333333333335,0.03333333333333335,0.03333333333333335,0.03333333333333335
41,0.033333333333333326,0.033333333333333326,0.033333333333333326,0.033333333333333326,0.033333333333333326,0.033333333333333326,0.033333333333333326,0.03333333333333333,0.03333333333333333,0.033333333333333326,0.033333333333333326,0.033333333333333326,0.033333333333333326,0.03333333333333333,0.033333333333333326,0.03333333333333333,0.033333333333333326,0.033333333333333326,0.033333333333333326,0.033333333333333326,0.033333333333333326,0.033333333333333326,0.033333333333333326,0.033333333333333326,0.033333333333333326,0.03333333333333335,0.03333333333333335,0.03333333333333335,0.03333333333333335,0.03333333333333335
42,0.03333333333333333,0.03333333333333333,0.03333333333333333,0.03333333333333333,0.03333333333333333,0.03333333333333333,0.03333333333333333,0.03333333333333333,0.03333333333333333,0.03333333333333333,0.03333333333333333,0.03333333333333333,0.03333333333333333,0.03333333333333333,0.03333333333333333,0.03333333333333333,0.03333333333333333,0.03333333333333333,0.03333333333333333,0.03333333333333333,0.03333333333333333,0.03333333333333333,0.03333333333333333,0.03333333333333334,0.03333333333333334,0.03333333333333334,0.03333333333333334,0.03333333333333334,0.03333333333333334,0.03333333333333334
43,0.033333333333333326,0.033333333333333326,0.033333333333333326,0.033333333333333326,0.033333333333333326,0.03333333333333333,0.033333333333333326,0.033333333333333326,0.033333333333333326,0.03333333333333333,0.033333333333333326,0.033333333333333326,0.033333333333333326,0.033333333333333326,0.033333333333333326,0.033333333333333326,0.033333333333333326,0.033333333333333326,0.033333333333333326,0.033333333333333326,0.033333333333333326,0.033333333333333326,0.033333333333333326,0.03333333333333335,0.03333333333333335,0.03333333333333335,0.03333333333333335,0.03333333333333335,0.03333333333333335,0.03333333333333335
44,0.033333333333333326,0.033333333333333326,0.033333333333333326,0.033333333333333326,0.033333333333333326,0.033333333333333326,0.033333333333333326,0.033333333333333326,0.033333333333333326,0.033333333333333326,0.033333333333333326,0.033333333333333326,0.033333333333333326,0.033333333333333326,0.033333333333333326,0.033333333333333326,0.033333333333333326,0.033333333333333326,0.033333333333333326,0.033333333333333326,0.03333333333333333,0.03333333333333333,0.03333333333333333,0.03333333333333333,0.03333333333333333,0.03333333333333333,0.03333333333333333,0.03333333333333333,0.03333333333333333,0.03333333333333333
45,0.03333333333333333,0.03333333333333333,0.03333333333333333,0.03333333333333333,0.03333333333333333,0.03333333333333333,0.03333333333333333,0.03333333333333333,0.03333333333333333,0.03333333333333333,0.03333333333333333,0.03333333333333333,0.03333333333333333,0.03333333333333333,0.03333333333333333,0.03333333333333333,0.03333333333333333,0.03333333333333333,0.03333333333333333,0.03333333333333333,0.03333333333333333,0.03333333333333333,0.03333333333333333,0.03333333333333333,0.03333333333333333,0.03333333333333333,0.03333333333333335,0.03333333333333335,0.03333333333333335,0.03333333333333335
46,0.03333333333333333,0.03333333333333333,0.03333333333333333,0.03333333333333333,0.03333333333333333,0.03333333333333333,0.03333333333333333,0.03333333333333333,0.03333333333333333,0.03333333333333333,0.03333333333333333,0.03333333333333333,0.03333333333333333,0.03333333333333333,0.03333333333333333,0.03333333333333333,0.03333333333333333,0.03333333333333333,0.03333333333333333,0.03333333333333333,0.03333333333333333,0.03333333333333333,0.03333333333333333,0.03333333333333333,0.03333333333333333,0.033333333333333326,0.033333333333333326,0.033333333333333326,0.033333333333333326,0.033333333333333326
47,0.03333333333333332,0.03333333333333332,0.03333333333333332,0.03333333333333332,0.03333333333333332,0.033333333333333326,0.03333333333333332,0.03333333333333332,0.03333333333333332,0.03333333333333332,0.03333333333333332,0.03333333333333332,0.03333333333333332,0.03333333333333332,0.033333333333333326,0.03333333333333332,0.03333333333333332,0.03333333333333333,0.03333333333333332,0.033333333333333326,0.03333333333333332,0.03333333333333332,0.03333333333333332,0.033333333333333326,0.03333333333333337,0.03333333333333337,0.03333333333333337,0.03333333333333337,0.03333333333333337,0.03333333333333337
48,0.03333333333333334,0.03333333333333334,0.03333333333333334,0.03333333333333334,0.03333333333333334,0.03333333333333334,0.03333333333333334,0.03333333333333334,0.03333333333333334,0.03333333333333334,0.03333333333333334,0.03333333333333334,0.03333333333333334,0.03333333333333334,0.03333333333333333,0.03333333333333334,0.03333333333333334,0.03333333333333334,0.03333333333333334,0.03333333333333334,0.03333333333333334,0.03333333333333334,0.03333333333333334,0.03333333333333333,0.03333333333333334,0.033333333333333305,0.033333333333333305,0.033333333333333305,0.033333333333333305,0.033333333333333305
49,0.03333333333333334,0.03333333333333334,0.03333333333333334,0.03333333333333334,0.03333333333333334,0.03333333333333334,0.03333333333333334,0.03333333333333334,0.03333333333333334,0.03333333333333334,0.03333333333333334,0.03333333333333334,0.03333333333333334,0.03333333333333334,0.03333333333333334,0.03333333333333334,0.03333333333333334,0.03333333333333334,0.03333333333333334,0.03333333333333334,0.03333333333333334,0.03333333333333334,0.03333333333333333,0.033333333333333326,0.033333333333333326,0.033333333333333326,0.033333333333333326,0.033333333333333326,0.033333333333333326,0.033333333333333326
50,0.033333333333333326,0.033333333333333326,0.033333333333333326,0.033333333333333326,0.033333333333333326,0.033333333333333326,0.033333333333333326,0.033333333333333326,0.033333333333333326,0.033333333333333326,0.033333333333333326,0.033333333333333326,0.033333333333333326,0.033333333333333326,0.033333333333333326,0.033333333333333326,0.033333333333333326,0.033333333333333326,0.033333333333333326,0.033333333333333326,0.033333333333333326,0.033333333333333326,0.033333333333333326,0.03333333333333335,0.03333333333333335,0.03333333333333335,0.03333333333333335,0.03333333333333335,0.03333333333333335,0.03333333333333335
51,0.03333333333333334,0.03333333333333334,0.03333333333333334,0.03333333333333334,0.03333333333333334,0.03333333333333334,0.03333333333333334,0.03333333333333334,0.03333333333333334,0.03333333333333334,0.03333333333333334,0.03333333333333334,0.03333333333333334,0.03333333333333334,0.03333333333333334,0.03333333333333334,0.03333333333333334,0.03333333333333333,0.03333333333333334,0.033333333333333326,0.033333333333333326,0.033333333333333326,0.033333333333333326,0.033333333333333326,0.033333333333333326,0.033333333333333326,0.033333333333333326,0.033333333333333326,0.033333333333333326,0.033333333333333326
52,0.033333333333333326,0.033333333333333326,0.033333333333333326,0.033333333333333326,0.033333333333333326,0.033333333333333326,0.033333333333333326,0.033333333333333326,0.033333333333333326,0.033333333333333326,0.033333333333333326,0.033333333333333326,0.033333333333333326,0.033333333333333326,0.033333333333333326,0.033333333333333326,0.033333333333333326,0.033333333333333326,0.03333333333333334,0.03333333333333334,0.03333333333333334,0.03333333333333334,0.03333333333333334,0.03333333333333334,0.03333333333333334,0.03333333333333334,0.03333333333333334,0.03333333333333334,0.03333333333333334,0.03333333333333334
53,0.03333333333333333,0.03333333333333333,0.03333333333333333,0.03333333333333333,0.03333333333333333,0.03333333333333333,0.03333333333333333,0.03333333333333333,0.03333333333333333,0.03333333333333333,0.03333333333333333,0.03333333333333333,0.03333333333333333,0.03333333333333333,0.03333333333333333,0.03333333333333333,0.03333333333333333,0.03333333333333333,0.03333333333333333,0.03333333333333333,0.03333333333333333,0.03333333333333333,0.03333333333333333,0.03333333333333333,0.03333333333333333,0.03333333333333333,0.03333333333333333,0.03333333333333333,0.03333333333333333,0.03333333333333333
54,0.03333333333333333,0.03333333333333333,0.03333333333333333,0.03333333333333333,0.03333333333333333,0.03333333333333333,0.03333333333333333,0.03333333333333333,0.03333333333333333,0.03333333333333333,0.03333333333333333,0.03333333333333333,0.03333333333333333,0.03333333333333333,0.03333333333333333,0.03333333333333333,0.03333333333333334,0.03333333333333334,0.03333333333333334,0.03333333333333334,0.03333333333333334,0.03333333333333334,0.03333333333333334,0.03333333333333334,0.03333333333333334,0.03333333333333334,0.03333333333333334,0.03333333333333334,0.03333333333333334,0.03333333333333334
55,0.033333333333333326,0.033333333333333326,0.033333333333333326,0.033333333333333326,0.033333333333333326,0.033333333333333326,0.033333333333333326,0.033333333333333326,0.033333333333333326,0.033333333333333326,0.033333333333333326,0.033333333333333326,0.033333333333333326,0.033333333333333326,0.033333333333333326,0.033333333333333326,0.033333333333333326,0.033333333333333326,0.033333333333333326,0.033333333333333326,0.03333333333333333,0.03333333333333333,0.03333333333333333,0.03333333333333333,0.03333333333333333,0.03333333333333333,0.03333333333333333,0.03333333333333333,0.03333333333333333,0.03333333333333333
56,0.03333333333333333,0.03333333333333333,0.03333333333333333,0.03333333333333333,0.03333333333333333,0.03333333333333333,0.03333333333333333,0.03333333333333333,0.03333333333333333,0.03333333333333333,0.03333333333333333,0.03333333333333333,0.03333333333333333,0.03333333333333333,0.03333333333333333,0.03333333333333333,0.03333333333333333,0.03333333333333333,0.03333333333333333,0.03333333333333333,0.03333333333333333,0.033333333333333326,0.033333333333333326,0.033333333333333326,0.033333333333333326,0.033333333333333326,0.033333333333333326,0.033333333333333326,0.033333333333333326,0.033333333333333326
57,0.03333333333333333,0.03333333333333333,0.03333333333333333,0.03333333333333333,0.03333333333333333,0.03333333333333333,0.03333333333333333,0.03333333333333333,0.03333333333333333,0.03333333333333333,0.03333333333333333,0.03333333333333333,0.03333333333333333,0.03333333333333333,0.03333333333333333,0.03333333333333333,0.03333333333333333,0.03333333333333333,0.03333333333333333,0.03333333333333333,0.03333333333333333,0.03333333333333333,0.033333333333333354,0.033333333333333354,0.033333333333333354,0.033333333333333354,0.033333333333333354,0.033333333333333354,0.033333333333333354,0.033333333333333354
58,0.03333333333333334,0.03333333333333334,0.03333333333333334,0.03333333333333334,0.03333333333333334,0.03333333333333334,0.03333333333333334,0.03333333333333334,0.03333333333333334,0.03333333333333334,0.03333333333333334,0.03333333333333334,0.03333333333333334,0.03333333333333334,0.03333333333333334,0.03333333333333334,0.03333333333333334,0.03333333333333334,0.03333333333333334,0.03333333333333334,0.03333333333333333,0.03333333333333333,0.03333333333333333,0.03333333333333333,0.03333333333333333,0.03333333333333333,0.03333333333333333,0.03333333333333333,0.03333333333333333,0.03333333333333333
59,0.03333333333333333,0.03333333333333333,0.03333333333333333,0.03333333333333333,0.03333333333333333,0.03333333333333333,0.03333333333333333,0.03333333333333333,0.03333333333333333,0.03333333333333333,0.03333333333333333,0.03333333333333333,0.03333333333333333,0.03333333333333333,0.03333333333333333,0.03333333333333333,0.03333333333333333,0.03333333333333333,0.03333333333333333,0.03333333333333333,0.03333333333333333,0.03333333333333334,0.03333333333333334,0.03333333333333334,0.03333333333333334,0.03333333333333334,0.03333333333333334,0.03333333333333334,0.03333333333333334,0.03333333333333334
60,0.03333333333333335,0.03333333333333335,0.03333333333333335,0.03333333333333335,0.03333333333333335,0.03333333333333335,0.03333333333333335,0.03333333333333335,0.03333333333333335,0.03333333333333335,0.03333333333333335,0.03333333333333335,0.03333333333333335,0.03333333333333335,0.03333333333333335,0.03333333333333335,0.03333333333333335,0.03333333333333335,0.03333333333333335,0.03333333333333335,0.03333333333333331,0.03333333333333331,0.03333333333333331,0.03333333333333331,0.03333333333333331,0.03333333333333331,0.03333333333333331,0.03333333333333331,0.03333333333333331,0.03333333333333331
61,0.033333333333333326,0.033333333333333326,0.033333333333333326,0.033333333333333326,0.033333333333333326,0.033333333333333326,0.033333333333333326,0.033333333333333326,0.033333333333333326,0.033333333333333326,0.033333333333333326,0.033333333333333326,0.033333333333333326,0.033333333333333326,0.033333333333333326,0.033333333333333326,0.033333333333333326,0.033333333333333326,0.033333333333333326,0.033333333333333326,0.03333333333333333,0.03333333333333333,0.03333333333333333,0.03333333333333333,0.03333333333333333,0.03333333333333333,0.03333333333333333,0.03333333333333333,0.03333333333333333,0.03333333333333333
62,0.03333333333333333,0.03333333333333333,0.03333333333333333,0.033333333333333326,0.03333333333333333,0.03333333333333333,0.03333333333333333,0.03333333333333333,0.03333333333333333,0.03333333333333333,0.03333333333333333,0.03333333333333333,0.03333333333333333,0.03333333333333333,0.03333333333333333,0.03333333333333333,0.03333333333333333,0.03333333333333333,0.03333333333333333,0.03333333333333333,0.03333333333333333,0.03333333333333333,0.03333333333333333,0.03333333333333333,0.033333333333333326,0.033333333333333326,0.033333333333333326,0.033333333333333326,0.033333333333333326,0.033333333333333326
63,0.033333333333333326,0.033333333333333326,0.03333333333333333,0.033333333333333326,0.033333333333333326,0.033333333333333326,0.033333333333333326,0.033333333333333326,0.033333333333333326,0.033333333333333326,0.033333333333333326,0.033333333333333326,0.033333333333333326,0.03333333333333333,0.033333333333333326,0.03333333333333333,0.03333333333333333,0.033333333333333326,0.033333333333333326,0.033333333333333326,0.03333333333333333,0.033333333333333326,0.033333333333333326,0.033333333333333326,0.033333333333333326,0.03333333333333333,0.033333333333333354,0.033333333333333354,0.033333333333333354,0.033333333333333354
64,0.03333333333333333,0.03333333333333333,0.03333333333333333,0.03333333333333333,0.03333333333333333,0.03333333333333333,0.03333333333333333,0.03333333333333333,0.03333333333333333,0.03333333333333333,0.03333333333333333,0.03333333333333333,0.03333333333333333,0.03333333333333333,0.03333333333333333,0.03333333333333333,0.03333333333333333,0.03333333333333333,0.03333333333333333,0.03333333333333333,0.03333333333333333,0.03333333333333333,0.03333333333333333,0.03333333333333333,0.03333333333333335,0.03333333333333335,0.03333333333333335,0.03333333333333335,0.03333333333333335,0.03333333333333335
