,0,1,2,3,4,5,6,7,8,9,10,11,12,13,14,15,16,17,18,19,20,21,22,23,24,25,26,27,28,29
0,0.03333333333333333,0.03333333333333333,0.03333333333333333,0.03333333333333333,0.03333333333333333,0.03333333333333333,0.03333333333333333,0.03333333333333333,0.03333333333333333,0.03333333333333333,0.03333333333333333,0.03333333333333333,0.03333333333333333,0.03333333333333333,0.03333333333333333,0.03333333333333333,0.03333333333333333,0.03333333333333333,0.03333333333333333,0.03333333333333333,0.03333333333333333,0.03333333333333333,0.03333333333333333,0.03333333333333333,0.03333333333333333,0.03333333333333333,0.03333333333333333,0.03333333333333333,0.03333333333333333,0.03333333333333333
1,0.03333333333333333,0.03333333333333333,0.03333333333333333,0.03333333333333334,0.03333333333333334,0.03333333333333333,0.03333333333333334,0.03333333333333334,0.03333333333333334,0.03333333333333333,0.03333333333333333,0.03333333333333333,0.03333333333333334,0.03333333333333333,0.03333333333333333,0.03333333333333334,0.03333333333333333,0.03333333333333334,0.03333333333333334,0.03333333333333333,0.03333333333333333,0.03333333333333333,0.03333333333333333,0.03333333333333333,0.03333333333333333,0.03333333333333334,0.03333333333333333,0.03333333333333333,0.03333333333333334,0.03333333333333333
2,0.03333333333333332,0.03333333333333331,0.03333333333333332,0.03333333333333331,0.03333333333333332,0.03333333333333331,0.03333333333333331,0.03333333333333331,0.03333333333333332,0.03333333333333331,0.03333333333333331,0.03333333333333331,0.03333333333333332,0.03333333333333331,0.03333333333333331,0.03333333333333332,0.03333333333333331,0.03333333333333331,0.03333333333333332,0.03333333333333331,0.03333333333333332,0.03333333333333331,0.03333333333333331,0.03333333333333337,0.03333333333333337,0.03333333333333337,0.03333333333333337,0.03333333333333337,0.03333333333333337,0.03333333333333337
3,0.03333333333333333,0.03333333333333333,0.03333333333333333,0.03333333333333333,0.03333333333333333,0.03333333333333333,0.03333333333333333,0.03333333333333333,0.03333333333333333,0.03333333333333333,0.03333333333333333,0.03333333333333333,0.03333333333333333,0.03333333333333333,0.03333333333333333,0.03333333333333333,0.03333333333333333,0.03333333333333333,0.03333333333333333,0.03333333333333333,0.03333333333333333,0.03333333333333333,0.03333333333333333,0.03333333333333333,0.03333333333333333,0.033333333333333326,0.033333333333333326,0.033333333333333326,0.033333333333333326,0.033333333333333326
4,0.03333333333333334,0.03333333333333334,0.03333333333333334,0.03333333333333334,0.03333333333333334,0.03333333333333334,0.03333333333333334,0.03333333333333334,0.03333333333333334,0.03333333333333334,0.03333333333333334,0.03333333333333334,0.03333333333333334,0.03333333333333334,0.03333333333333334,0.03333333333333334,0.03333333333333334,0.03333333333333334,0.03333333333333334,0.03333333333333334,0.033333333333333326,0.033333333333333326,0.033333333333333326,0.033333333333333326,0.033333333333333326,0.033333333333333326,0.033333333333333326,0.033333333333333326,0.033333333333333326,0.033333333333333326
5,0.03333333333333333,0.03333333333333333,0.03333333333333333,0.03333333333333333,0.03333333333333333,0.03333333333333333,0.03333333333333333,0.03333333333333333,0.03333333333333333,0.03333333333333333,0.03333333333333333,0.03333333333333333,0.03333333333333333,0.03333333333333333,0.03333333333333333,0.03333333333333333,0.03333333333333333,0.03333333333333333,0.03333333333333333,0.03333333333333334,0.03333333333333333,0.03333333333333333,0.03333333333333333,0.03333333333333333,0.033333333333333354,0.033333333333333354,0.033333333333333354,0.033333333333333354,0.033333333333333354,0.033333333333333354
6,0.03333333333333333,0.03333333333333333,0.03333333333333333,0.03333333333333333,0.03333333333333333,0.03333333333333333,0.03333333333333333,0.03333333333333333,0.03333333333333333,0.03333333333333333,0.03333333333333333,0.03333333333333333,0.03333333333333333,0.03333333333333333,0.03333333333333333,0.03333333333333333,0.03333333333333333,0.03333333333333333,0.03333333333333333,0.03333333333333333,0.03333333333333333,0.03333333333333333,0.03333333333333334,0.03333333333333334,0.03333333333333334,0.03333333333333334,0.03333333333333334,0.03333333333333334,0.03333333333333334,0.03333333333333334
7,0.03333333333333333,0.03333333333333333,0.03333333333333333,0.03333333333333333,0.03333333333333333,0.03333333333333333,0.03333333333333333,0.03333333333333333,0.03333333333333333,0.03333333333333333,0.03333333333333333,0.03333333333333333,0.03333333333333333,0.03333333333333333,0.03333333333333333,0.03333333333333333,0.03333333333333333,0.03333333333333333,0.03333333333333333,0.03333333333333333,0.03333333333333333,0.03333333333333333,0.03333333333333333,0.03333333333333333,0.03333333333333334,0.03333333333333334,0.03333333333333334,0.03333333333333334,0.03333333333333334,0.03333333333333334
8,0.03333333333333334,0.03333333333333334,0.03333333333333334,0.03333333333333334,0.03333333333333334,0.03333333333333334,0.03333333333333334,0.03333333333333334,0.03333333333333334,0.03333333333333334,0.03333333333333334,0.03333333333333334,0.03333333333333333,0.03333333333333334,0.03333333333333334,0.03333333333333333,0.03333333333333334,0.03333333333333334,0.03333333333333334,0.03333333333333334,0.03333333333333333,0.03333333333333333,0.03333333333333334,0.033333333333333305,0.033333333333333305,0.033333333333333305,0.033333333333333305,0.033333333333333305,0.033333333333333305,0.033333333333333305
9,0.03333333333333333,0.03333333333333333,0.03333333333333333,0.03333333333333333,0.03333333333333333,0.03333333333333333,0.03333333333333333,0.03333333333333333,0.03333333333333333,0.03333333333333333,0.03333333333333333,0.03333333333333333,0.03333333333333333,0.03333333333333333,0.03333333333333333,0.03333333333333333,0.03333333333333333,0.03333333333333333,0.03333333333333333,0.03333333333333333,0.03333333333333333,0.03333333333333333,0.03333333333333333,0.03333333333333333,0.03333333333333333,0.03333333333333333,0.03333333333333333,0.03333333333333333,0.03333333333333333,0.03333333333333333
10,0.03333333333333333,0.03333333333333333,0.03333333333333333,0.03333333333333333,0.03333333333333333,0.03333333333333333,0.03333333333333333,0.03333333333333333,0.03333333333333333,0.03333333333333333,0.03333333333333333,0.03333333333333333,0.03333333333333333,0.03333333333333333,0.03333333333333333,0.03333333333333333,0.03333333333333333,0.03333333333333333,0.03333333333333333,0.03333333333333333,0.03333333333333333,0.03333333333333333,0.03333333333333333,0.03333333333333333,0.03333333333333335,0.03333333333333335,0.03333333333333335,0.03333333333333335,0.03333333333333335,0.03333333333333335
11,0.03333333333333333,0.03333333333333333,0.03333333333333333,0.03333333333333333,0.03333333333333333,0.03333333333333333,0.03333333333333333,0.03333333333333333,0.03333333333333333,0.03333333333333333,0.03333333333333333,0.03333333333333333,0.03333333333333333,0.03333333333333333,0.03333333333333333,0.03333333333333333,0.03333333333333333,0.03333333333333333,0.03333333333333333,0.03333333333333333,0.03333333333333333,0.03333333333333333,0.03333333333333333,0.03333333333333333,0.03333333333333333,0.03333333333333333,0.03333333333333333,0.03333333333333333,0.03333333333333333,0.03333333333333333
12,0.03333333333333333,0.03333333333333333,0.03333333333333333,0.03333333333333333,0.03333333333333333,0.03333333333333333,0.03333333333333333,0.03333333333333333,0.03333333333333333,0.03333333333333333,0.03333333333333333,0.03333333333333333,0.03333333333333333,0.03333333333333333,0.03333333333333333,0.03333333333333333,0.03333333333333333,0.03333333333333333,0.03333333333333333,0.03333333333333333,0.03333333333333333,0.03333333333333333,0.03333333333333333,0.03333333333333333,0.03333333333333333,0.03333333333333333,0.03333333333333334,0.03333333333333334,0.03333333333333334,0.03333333333333334
13,0.03333333333333333,0.03333333333333333,0.03333333333333333,0.03333333333333333,0.03333333333333333,0.03333333333333333,0.03333333333333333,0.03333333333333333,0.03333333333333333,0.03333333333333333,0.03333333333333333,0.03333333333333333,0.03333333333333333,0.03333333333333333,0.03333333333333333,0.03333333333333333,0.03333333333333333,0.03333333333333333,0.03333333333333333,0.03333333333333333,0.03333333333333333,0.03333333333333333,0.03333333333333333,0.03333333333333333,0.03333333333333334,0.03333333333333334,0.03333333333333334,0.03333333333333334,0.03333333333333334,0.03333333333333334
14,0.03333333333333333,0.03333333333333333,0.03333333333333333,0.03333333333333333,0.03333333333333333,0.03333333333333333,0.03333333333333333,0.03333333333333333,0.03333333333333333,0.03333333333333333,0.03333333333333333,0.03333333333333333,0.03333333333333333,0.03333333333333333,0.03333333333333333,0.03333333333333333,0.03333333333333333,0.03333333333333333,0.03333333333333333,0.03333333333333333,0.03333333333333333,0.03333333333333333,0.03333333333333333,0.03333333333333333,0.033333333333333326,0.033333333333333326,0.033333333333333326,0.033333333333333326,0.033333333333333326,0.033333333333333326
15,0.03333333333333333,0.03333333333333333,0.03333333333333333,0.03333333333333333,0.03333333333333333,0.03333333333333333,0.03333333333333333,0.03333333333333333,0.03333333333333334,0.03333333333333333,0.03333333333333333,0.03333333333333333,0.03333333333333333,0.03333333333333333,0.03333333333333333,0.03333333333333333,0.03333333333333333,0.03333333333333333,0.03333333333333333,0.03333333333333333,0.03333333333333333,0.03333333333333333,0.03333333333333333,0.03333333333333333,0.033333333333333354,0.033333333333333354,0.033333333333333354,0.033333333333333354,0.033333333333333354,0.033333333333333354
16,0.03333333333333333,0.03333333333333333,0.03333333333333333,0.03333333333333333,0.03333333333333333,0.03333333333333333,0.03333333333333333,0.03333333333333333,0.03333333333333333,0.03333333333333333,0.03333333333333333,0.03333333333333333,0.03333333333333333,0.03333333333333333,0.03333333333333333,0.03333333333333333,0.03333333333333333,0.03333333333333333,0.03333333333333333,0.03333333333333333,0.03333333333333333,0.03333333333333333,0.03333333333333333,0.03333333333333333,0.03333333333333332,0.03333333333333332,0.03333333333333332,0.03333333333333332,0.03333333333333332,0.03333333333333332
17,0.03333333333333333,0.03333333333333333,0.03333333333333333,0.03333333333333333,0.03333333333333333,0.03333333333333333,0.03333333333333333,0.03333333333333333,0.03333333333333333,0.03333333333333333,0.03333333333333333,0.03333333333333333,0.03333333333333333,0.03333333333333333,0.03333333333333333,0.03333333333333333,0.03333333333333334,0.03333333333333334,0.03333333333333334,0.03333333333333334,0.03333333333333334,0.03333333333333334,0.03333333333333334,0.03333333333333334,0.03333333333333334,0.03333333333333334,0.03333333333333334,0.03333333333333334,0.03333333333333334,0.03333333333333334
18,0.03333333333333333,0.03333333333333333,0.03333333333333333,0.03333333333333333,0.03333333333333333,0.03333333333333333,0.03333333333333333,0.03333333333333333,0.03333333333333333,0.03333333333333333,0.03333333333333333,0.03333333333333333,0.03333333333333333,0.03333333333333333,0.03333333333333333,0.03333333333333333,0.03333333333333333,0.03333333333333333,0.03333333333333333,0.03333333333333333,0.03333333333333333,0.03333333333333333,0.03333333333333333,0.03333333333333333,0.03333333333333333,0.03333333333333333,0.03333333333333333,0.03333333333333333,0.03333333333333333,0.03333333333333333
19,0.03333333333333334,0.03333333333333334,0.03333333333333334,0.03333333333333334,0.03333333333333334,0.03333333333333334,0.03333333333333334,0.03333333333333334,0.03333333333333334,0.03333333333333334,0.03333333333333334,0.03333333333333334,0.03333333333333334,0.03333333333333334,0.03333333333333334,0.03333333333333334,0.03333333333333334,0.03333333333333334,0.03333333333333334,0.03333333333333333,0.03333333333333333,0.03333333333333333,0.03333333333333333,0.03333333333333333,0.03333333333333333,0.03333333333333333,0.03333333333333333,0.03333333333333333,0.03333333333333333,0.03333333333333333
20,0.033333333333333326,0.033333333333333326,0.033333333333333326,0.033333333333333326,0.033333333333333326,0.033333333333333326,0.033333333333333326,0.033333333333333326,0.033333333333333326,0.033333333333333326,0.033333333333333326,0.033333333333333326,0.033333333333333326,0.033333333333333326,0.033333333333333326,0.033333333333333326,0.033333333333333326,0.033333333333333326,0.033333333333333326,0.033333333333333326,0.03333333333333334,0.03333333333333334,0.03333333333333334,0.03333333333333334,0.03333333333333334,0.03333333333333334,0.03333333333333334,0.03333333333333334,0.03333333333333334,0.03333333333333334
21,0.033333333333333326,0.033333333333333326,0.033333333333333326,0.033333333333333326,0.033333333333333326,0.033333333333333326,0.033333333333333326,0.033333333333333326,0.033333333333333326,0.033333333333333326,0.033333333333333326,0.033333333333333326,0.033333333333333326,0.033333333333333326,0.033333333333333326,0.033333333333333326,0.033333333333333326,0.033333333333333326,0.033333333333333326,0.033333333333333326,0.033333333333333326,0.033333333333333326,0.033333333333333326,0.033333333333333326,0.033333333333333326,0.03333333333333334,0.03333333333333334,0.03333333333333334,0.03333333333333334,0.03333333333333334
22,0.03333333333333333,0.03333333333333333,0.03333333333333333,0.03333333333333333,0.03333333333333333,0.03333333333333333,0.03333333333333333,0.03333333333333333,0.03333333333333333,0.03333333333333333,0.03333333333333333,0.03333333333333333,0.03333333333333333,0.03333333333333333,0.03333333333333333,0.03333333333333333,0.03333333333333333,0.03333333333333333,0.03333333333333333,0.03333333333333333,0.03333333333333333,0.03333333333333334,0.03333333333333335,0.03333333333333335,0.03333333333333335,0.03333333333333335,0.03333333333333335,0.03333333333333335,0.03333333333333335,0.03333333333333335
23,0.03333333333333333,0.03333333333333333,0.03333333333333333,0.03333333333333333,0.03333333333333333,0.03333333333333333,0.03333333333333333,0.03333333333333333,0.03333333333333333,0.03333333333333333,0.03333333333333333,0.03333333333333333,0.03333333333333333,0.03333333333333333,0.03333333333333333,0.03333333333333333,0.03333333333333333,0.03333333333333333,0.03333333333333333,0.03333333333333333,0.03333333333333333,0.03333333333333333,0.03333333333333333,0.03333333333333333,0.03333333333333331,0.03333333333333331,0.03333333333333331,0.03333333333333331,0.03333333333333331,0.03333333333333331
24,0.03333333333333333,0.03333333333333333,0.03333333333333333,0.03333333333333333,0.03333333333333333,0.03333333333333333,0.03333333333333333,0.03333333333333333,0.03333333333333333,0.03333333333333333,0.03333333333333333,0.03333333333333333,0.03333333333333333,0.03333333333333333,0.03333333333333333,0.03333333333333333,0.03333333333333333,0.03333333333333333,0.03333333333333333,0.03333333333333333,0.03333333333333333,0.03333333333333333,0.03333333333333333,0.03333333333333333,0.03333333333333333,0.033333333333333326,0.033333333333333326,0.033333333333333326,0.033333333333333326,0.033333333333333326
25,0.03333333333333334,0.03333333333333334,0.03333333333333334,0.03333333333333334,0.03333333333333334,0.03333333333333334,0.03333333333333334,0.03333333333333334,0.03333333333333334,0.03333333333333334,0.03333333333333334,0.03333333333333334,0.03333333333333334,0.03333333333333334,0.03333333333333334,0.03333333333333334,0.03333333333333334,0.03333333333333334,0.03333333333333334,0.03333333333333334,0.03333333333333334,0.033333333333333326,0.033333333333333326,0.033333333333333326,0.033333333333333326,0.033333333333333326,0.033333333333333326,0.033333333333333326,0.033333333333333326,0.033333333333333326
26,0.03333333333333333,0.03333333333333333,0.03333333333333333,0.03333333333333333,0.03333333333333333,0.03333333333333333,0.03333333333333333,0.03333333333333333,0.03333333333333333,0.03333333333333333,0.03333333333333333,0.03333333333333333,0.03333333333333333,0.03333333333333333,0.03333333333333333,0.03333333333333333,0.03333333333333333,0.03333333333333333,0.03333333333333333,0.03333333333333333,0.03333333333333333,0.033333333333333326,0.033333333333333326,0.033333333333333326,0.033333333333333326,0.033333333333333326,0.033333333333333326,0.033333333333333326,0.033333333333333326,0.033333333333333326
27,0.03333333333333333,0.03333333333333333,0.03333333333333333,0.03333333333333333,0.03333333333333333,0.03333333333333333,0.03333333333333333,0.03333333333333333,0.03333333333333333,0.03333333333333333,0.03333333333333333,0.03333333333333333,0.03333333333333333,0.03333333333333333,0.03333333333333333,0.03333333333333333,0.03333333333333333,0.03333333333333333,0.03333333333333333,0.03333333333333333,0.03333333333333333,0.03333333333333333,0.033333333333333354,0.033333333333333354,0.033333333333333354,0.033333333333333354,0.033333333333333354,0.033333333333333354,0.033333333333333354,0.033333333333333354
28,0.03333333333333333,0.03333333333333333,0.03333333333333333,0.03333333333333333,0.03333333333333333,0.03333333333333333,0.03333333333333333,0.03333333333333333,0.03333333333333333,0.03333333333333333,0.03333333333333333,0.03333333333333333,0.03333333333333333,0.03333333333333333,0.03333333333333333,0.03333333333333333,0.03333333333333333,0.03333333333333333,0.03333333333333333,0.03333333333333333,0.03333333333333333,0.03333333333333333,0.03333333333333333,0.03333333333333332,0.03333333333333332,0.03333333333333332,0.03333333333333332,0.03333333333333332,0.03333333333333332,0.03333333333333332
29,0.03333333333333333,0.03333333333333333,0.03333333333333333,0.03333333333333333,0.03333333333333333,0.03333333333333333,0.03333333333333333,0.03333333333333333,0.03333333333333333,0.03333333333333333,0.03333333333333333,0.03333333333333333,0.03333333333333333,0.03333333333333333,0.03333333333333333,0.03333333333333333,0.03333333333333333,0.03333333333333333,0.03333333333333333,0.03333333333333333,0.03333333333333333,0.03333333333333333,0.03333333333333333,0.03333333333333333,0.03333333333333333,0.03333333333333333,0.03333333333333333,0.03333333333333333,0.03333333333333333,0.03333333333333333
30,0.03333333333333333,0.03333333333333333,0.03333333333333333,0.03333333333333333,0.03333333333333333,0.03333333333333333,0.03333333333333333,0.03333333333333333,0.03333333333333333,0.03333333333333333,0.03333333333333333,0.03333333333333333,0.03333333333333333,0.03333333333333333,0.03333333333333333,0.03333333333333333,0.03333333333333333,0.03333333333333333,0.03333333333333333,0.03333333333333333,0.03333333333333333,0.03333333333333333,0.03333333333333335,0.03333333333333335,0.03333333333333335,0.03333333333333335,0.03333333333333335,0.03333333333333335,0.03333333333333335,0.03333333333333335
31,0.03333333333333333,0.03333333333333333,0.03333333333333333,0.03333333333333333,0.03333333333333333,0.03333333333333333,0.03333333333333333,0.03333333333333333,0.03333333333333333,0.03333333333333333,0.03333333333333333,0.03333333333333333,0.03333333333333333,0.03333333333333333,0.03333333333333333,0.03333333333333333,0.03333333333333333,0.03333333333333333,0.03333333333333333,0.03333333333333333,0.03333333333333333,0.03333333333333333,0.03333333333333336,0.03333333333333336,0.03333333333333336,0.03333333333333336,0.03333333333333336,0.03333333333333336,0.03333333333333336,0.03333333333333336
32,0.03333333333333333,0.03333333333333333,0.03333333333333333,0.03333333333333333,0.03333333333333333,0.03333333333333333,0.03333333333333333,0.03333333333333333,0.03333333333333333,0.03333333333333333,0.03333333333333333,0.03333333333333333,0.03333333333333333,0.03333333333333333,0.03333333333333333,0.03333333333333333,0.03333333333333333,0.03333333333333333,0.03333333333333333,0.03333333333333333,0.03333333333333333,0.03333333333333333,0.03333333333333333,0.03333333333333333,0.03333333333333333,0.03333333333333333,0.03333333333333333,0.03333333333333333,0.03333333333333333,0.03333333333333333
33,0.03333333333333333,0.03333333333333333,0.03333333333333333,0.03333333333333333,0.03333333333333333,0.03333333333333333,0.03333333333333333,0.03333333333333333,0.03333333333333333,0.03333333333333333,0.03333333333333333,0.03333333333333333,0.03333333333333333,0.03333333333333333,0.03333333333333333,0.03333333333333333,0.03333333333333333,0.03333333333333333,0.03333333333333333,0.03333333333333333,0.03333333333333333,0.03333333333333333,0.03333333333333332,0.03333333333333332,0.03333333333333332,0.03333333333333332,0.03333333333333332,0.03333333333333332,0.03333333333333332,0.03333333333333332
34,0.03333333333333333,0.03333333333333333,0.03333333333333333,0.03333333333333333,0.03333333333333333,0.03333333333333333,0.03333333333333333,0.03333333333333333,0.03333333333333333,0.03333333333333333,0.03333333333333333,0.03333333333333333,0.03333333333333333,0.03333333333333333,0.03333333333333333,0.03333333333333333,0.03333333333333333,0.03333333333333333,0.03333333333333333,0.03333333333333333,0.03333333333333333,0.03333333333333333,0.03333333333333333,0.03333333333333333,0.03333333333333333,0.03333333333333333,0.03333333333333333,0.03333333333333333,0.03333333333333333,0.03333333333333333
35,0.03333333333333333,0.03333333333333333,0.033333333333333326,0.033333333333333326,0.03333333333333332,0.033333333333333326,0.033333333333333326,0.033333333333333326,0.033333333333333326,0.033333333333333326,0.03333333333333333,0.03333333333333333,0.033333333333333326,0.03333333333333333,0.033333333333333326,0.033333333333333326,0.03333333333333333,0.03333333333333333,0.03333333333333333,0.03333333333333333,0.033333333333333326,0.03333333333333333,0.033333333333333326,0.03333333333333333,0.033333333333333326,0.033333333333333326,0.03333333333333335,0.03333333333333335,0.03333333333333335,0.03333333333333335
36,0.03333333333333334,0.03333333333333334,0.03333333333333334,0.03333333333333334,0.03333333333333334,0.03333333333333334,0.03333333333333334,0.03333333333333334,0.03333333333333334,0.03333333333333334,0.03333333333333334,0.03333333333333334,0.03333333333333334,0.03333333333333334,0.03333333333333334,0.03333333333333334,0.03333333333333334,0.03333333333333334,0.03333333333333334,0.03333333333333334,0.03333333333333334,0.03333333333333334,0.03333333333333334,0.03333333333333334,0.03333333333333334,0.03333333333333331,0.03333333333333331,0.03333333333333331,0.03333333333333331,0.03333333333333331
37,0.03333333333333333,0.03333333333333333,0.03333333333333333,0.03333333333333333,0.03333333333333333,0.03333333333333333,0.03333333333333333,0.03333333333333333,0.03333333333333333,0.03333333333333333,0.03333333333333333,0.03333333333333333,0.03333333333333333,0.03333333333333333,0.03333333333333333,0.03333333333333333,0.03333333333333333,0.03333333333333333,0.03333333333333333,0.03333333333333333,0.03333333333333333,0.03333333333333333,0.03333333333333333,0.03333333333333333,0.03333333333333335,0.03333333333333335,0.03333333333333335,0.03333333333333335,0.03333333333333335,0.03333333333333335
38,0.03333333333333333,0.03333333333333333,0.03333333333333333,0.03333333333333333,0.03333333333333333,0.03333333333333333,0.03333333333333333,0.03333333333333333,0.03333333333333333,0.03333333333333333,0.03333333333333333,0.03333333333333333,0.03333333333333333,0.03333333333333333,0.03333333333333333,0.03333333333333333,0.03333333333333333,0.03333333333333333,0.03333333333333333,0.03333333333333334,0.03333333333333333,0.03333333333333333,0.033333333333333354,0.033333333333333354,0.033333333333333354,0.033333333333333354,0.033333333333333354,0.033333333333333354,0.033333333333333354,0.033333333333333354
39,0.03333333333333333,0.03333333333333333,0.03333333333333333,0.03333333333333333,0.03333333333333333,0.03333333333333333,0.03333333333333333,0.03333333333333333,0.03333333333333333,0.03333333333333333,0.03333333333333333,0.03333333333333333,0.03333333333333333,0.03333333333333333,0.03333333333333333,0.03333333333333333,0.03333333333333333,0.03333333333333333,0.03333333333333333,0.03333333333333333,0.03333333333333333,0.03333333333333333,0.03333333333333333,0.03333333333333333,0.03333333333333332,0.03333333333333332,0.03333333333333332,0.03333333333333332,0.03333333333333332,0.03333333333333332
40,0.03333333333333334,0.03333333333333334,0.03333333333333334,0.03333333333333333,0.03333333333333333,0.03333333333333333,0.03333333333333333,0.03333333333333333,0.03333333333333333,0.03333333333333333,0.03333333333333333,0.03333333333333333,0.03333333333333333,0.03333333333333333,0.03333333333333333,0.03333333333333333,0.03333333333333334,0.03333333333333333,0.03333333333333333,0.03333333333333333,0.03333333333333334,0.03333333333333333,0.03333333333333333,0.03333333333333333,0.03333333333333337,0.03333333333333337,0.03333333333333337,0.03333333333333337,0.03333333333333337,0.03333333333333337
41,0.03333333333333333,0.03333333333333333,0.03333333333333333,0.03333333333333333,0.03333333333333333,0.03333333333333333,0.03333333333333333,0.03333333333333333,0.03333333333333333,0.03333333333333333,0.03333333333333333,0.03333333333333333,0.03333333333333333,0.03333333333333333,0.03333333333333333,0.03333333333333333,0.03333333333333333,0.03333333333333333,0.03333333333333333,0.03333333333333333,0.03333333333333333,0.03333333333333333,0.03333333333333333,0.03333333333333334,0.03333333333333334,0.03333333333333334,0.03333333333333334,0.03333333333333334,0.03333333333333334,0.03333333333333334
42,0.03333333333333333,0.03333333333333333,0.03333333333333333,0.03333333333333333,0.03333333333333333,0.03333333333333333,0.03333333333333333,0.03333333333333333,0.03333333333333333,0.03333333333333333,0.03333333333333333,0.03333333333333333,0.03333333333333333,0.03333333333333333,0.03333333333333333,0.03333333333333333,0.03333333333333333,0.03333333333333333,0.03333333333333333,0.03333333333333333,0.03333333333333333,0.03333333333333333,0.03333333333333333,0.033333333333333326,0.03333333333333333,0.03333333333333333,0.03333333333333333,0.03333333333333333,0.03333333333333333,0.03333333333333333
43,0.03333333333333333,0.03333333333333333,0.03333333333333333,0.03333333333333333,0.03333333333333333,0.03333333333333333,0.03333333333333334,0.03333333333333334,0.03333333333333333,0.03333333333333333,0.03333333333333333,0.03333333333333333,0.03333333333333333,0.03333333333333333,0.03333333333333333,0.03333333333333333,0.03333333333333333,0.03333333333333333,0.03333333333333333,0.03333333333333333,0.03333333333333333,0.03333333333333333,0.03333333333333333,0.03333333333333333,0.033333333333333354,0.033333333333333354,0.033333333333333354,0.033333333333333354,0.033333333333333354,0.033333333333333354
44,0.03333333333333333,0.03333333333333333,0.03333333333333333,0.03333333333333333,0.03333333333333333,0.03333333333333333,0.03333333333333333,0.03333333333333333,0.03333333333333333,0.03333333333333333,0.03333333333333333,0.03333333333333333,0.03333333333333333,0.03333333333333333,0.03333333333333333,0.03333333333333333,0.03333333333333333,0.03333333333333333,0.03333333333333333,0.03333333333333333,0.03333333333333333,0.03333333333333333,0.03333333333333333,0.03333333333333333,0.03333333333333333,0.03333333333333332,0.03333333333333332,0.03333333333333332,0.03333333333333332,0.03333333333333332
45,0.033333333333333326,0.033333333333333326,0.033333333333333326,0.033333333333333326,0.033333333333333326,0.033333333333333326,0.033333333333333326,0.033333333333333326,0.033333333333333326,0.033333333333333326,0.033333333333333326,0.033333333333333326,0.033333333333333326,0.033333333333333326,0.033333333333333326,0.033333333333333326,0.033333333333333326,0.033333333333333326,0.033333333333333326,0.033333333333333326,0.033333333333333326,0.033333333333333326,0.033333333333333326,0.033333333333333326,0.033333333333333326,0.033333333333333326,0.03333333333333337,0.03333333333333337,0.03333333333333337,0.03333333333333337
46,0.03333333333333333,0.03333333333333333,0.03333333333333333,0.03333333333333333,0.03333333333333333,0.03333333333333333,0.03333333333333333,0.03333333333333333,0.03333333333333333,0.03333333333333333,0.03333333333333333,0.03333333333333334,0.03333333333333333,0.03333333333333333,0.03333333333333333,0.03333333333333333,0.03333333333333333,0.03333333333333333,0.03333333333333333,0.03333333333333333,0.03333333333333333,0.03333333333333333,0.03333333333333333,0.03333333333333333,0.03333333333333334,0.03333333333333334,0.03333333333333334,0.03333333333333334,0.03333333333333334,0.03333333333333334
47,0.03333333333333333,0.03333333333333333,0.03333333333333333,0.03333333333333333,0.03333333333333333,0.03333333333333333,0.03333333333333333,0.03333333333333333,0.03333333333333333,0.03333333333333333,0.03333333333333333,0.03333333333333333,0.03333333333333333,0.03333333333333333,0.03333333333333333,0.03333333333333333,0.03333333333333333,0.03333333333333333,0.03333333333333333,0.03333333333333333,0.03333333333333333,0.03333333333333333,0.03333333333333333,0.03333333333333333,0.03333333333333333,0.03333333333333333,0.03333333333333333,0.03333333333333333,0.03333333333333333,0.03333333333333333
48,0.03333333333333333,0.03333333333333333,0.03333333333333333,0.03333333333333333,0.03333333333333333,0.03333333333333333,0.03333333333333333,0.03333333333333333,0.03333333333333333,0.03333333333333333,0.03333333333333333,0.03333333333333333,0.03333333333333333,0.03333333333333333,0.03333333333333333,0.03333333333333333,0.03333333333333333,0.03333333333333333,0.03333333333333333,0.03333333333333333,0.03333333333333333,0.03333333333333333,0.03333333333333333,0.03333333333333333,0.03333333333333333,0.03333333333333333,0.033333333333333326,0.033333333333333326,0.033333333333333326,0.033333333333333326
49,0.03333333333333333,0.03333333333333333,0.03333333333333333,0.03333333333333333,0.03333333333333333,0.03333333333333333,0.03333333333333333,0.03333333333333333,0.03333333333333333,0.03333333333333333,0.03333333333333333,0.03333333333333333,0.03333333333333333,0.03333333333333333,0.03333333333333333,0.03333333333333333,0.03333333333333333,0.03333333333333333,0.03333333333333333,0.03333333333333333,0.03333333333333333,0.03333333333333333,0.03333333333333333,0.03333333333333333,0.03333333333333333,0.03333333333333333,0.03333333333333333,0.03333333333333333,0.03333333333333333,0.03333333333333333
50,0.03333333333333333,0.03333333333333333,0.03333333333333333,0.03333333333333333,0.03333333333333333,0.03333333333333333,0.03333333333333333,0.03333333333333333,0.03333333333333333,0.03333333333333333,0.03333333333333333,0.03333333333333333,0.03333333333333333,0.03333333333333333,0.03333333333333333,0.03333333333333333,0.03333333333333333,0.03333333333333333,0.03333333333333333,0.03333333333333333,0.03333333333333333,0.03333333333333333,0.03333333333333333,0.03333333333333333,0.03333333333333335,0.03333333333333335,0.03333333333333335,0.03333333333333335,0.03333333333333335,0.03333333333333335
51,0.03333333333333333,0.03333333333333333,0.03333333333333333,0.03333333333333333,0.03333333333333333,0.03333333333333334,0.03333333333333333,0.03333333333333333,0.03333333333333333,0.03333333333333333,0.03333333333333333,0.03333333333333333,0.03333333333333333,0.03333333333333333,0.03333333333333333,0.03333333333333333,0.03333333333333333,0.03333333333333333,0.03333333333333333,0.03333333333333333,0.03333333333333333,0.03333333333333333,0.033333333333333354,0.033333333333333354,0.033333333333333354,0.033333333333333354,0.033333333333333354,0.033333333333333354,0.033333333333333354,0.033333333333333354
52,0.03333333333333333,0.03333333333333333,0.03333333333333333,0.03333333333333333,0.03333333333333333,0.03333333333333333,0.03333333333333333,0.03333333333333333,0.03333333333333333,0.03333333333333333,0.03333333333333333,0.03333333333333333,0.03333333333333333,0.03333333333333333,0.03333333333333333,0.03333333333333333,0.03333333333333333,0.03333333333333333,0.03333333333333333,0.03333333333333333,0.03333333333333333,0.03333333333333333,0.03333333333333333,0.03333333333333333,0.03333333333333333,0.03333333333333333,0.03333333333333333,0.03333333333333333,0.03333333333333333,0.03333333333333333
53,0.033333333333333326,0.033333333333333326,0.033333333333333326,0.033333333333333326,0.033333333333333326,0.033333333333333326,0.033333333333333326,0.033333333333333326,0.033333333333333326,0.033333333333333326,0.033333333333333326,0.033333333333333326,0.033333333333333326,0.033333333333333326,0.033333333333333326,0.033333333333333326,0.033333333333333326,0.033333333333333326,0.033333333333333326,0.03333333333333333,0.03333333333333333,0.03333333333333333,0.03333333333333333,0.03333333333333333,0.03333333333333333,0.03333333333333333,0.03333333333333333,0.03333333333333333,0.03333333333333333,0.03333333333333333
54,0.033333333333333326,0.033333333333333326,0.033333333333333326,0.033333333333333326,0.033333333333333326,0.033333333333333326,0.033333333333333326,0.033333333333333326,0.033333333333333326,0.033333333333333326,0.033333333333333326,0.033333333333333326,0.033333333333333326,0.033333333333333326,0.033333333333333326,0.033333333333333326,0.033333333333333326,0.033333333333333326,0.033333333333333326,0.03333333333333333,0.03333333333333333,0.03333333333333333,0.03333333333333333,0.03333333333333333,0.03333333333333333,0.03333333333333333,0.03333333333333333,0.03333333333333333,0.03333333333333333,0.03333333333333333
55,0.03333333333333333,0.03333333333333333,0.03333333333333333,0.03333333333333333,0.03333333333333333,0.03333333333333333,0.03333333333333333,0.03333333333333333,0.03333333333333333,0.03333333333333333,0.03333333333333333,0.03333333333333333,0.03333333333333333,0.03333333333333333,0.03333333333333333,0.03333333333333333,0.03333333333333333,0.03333333333333333,0.03333333333333333,0.03333333333333333,0.03333333333333333,0.03333333333333333,0.033333333333333326,0.033333333333333326,0.033333333333333326,0.033333333333333326,0.033333333333333326,0.033333333333333326,0.033333333333333326,0.033333333333333326
56,0.03333333333333333,0.03333333333333333,0.03333333333333333,0.03333333333333333,0.03333333333333333,0.03333333333333333,0.03333333333333333,0.03333333333333333,0.03333333333333333,0.03333333333333333,0.03333333333333333,0.03333333333333333,0.03333333333333333,0.03333333333333333,0.03333333333333333,0.03333333333333333,0.03333333333333333,0.03333333333333333,0.03333333333333333,0.03333333333333333,0.03333333333333333,0.03333333333333335,0.03333333333333335,0.03333333333333335,0.03333333333333335,0.03333333333333335,0.03333333333333335,0.03333333333333335,0.03333333333333335,0.03333333333333335
57,0.03333333333333333,0.03333333333333333,0.03333333333333333,0.03333333333333333,0.03333333333333333,0.03333333333333333,0.03333333333333333,0.03333333333333333,0.03333333333333333,0.03333333333333333,0.03333333333333333,0.03333333333333333,0.03333333333333333,0.03333333333333333,0.03333333333333333,0.03333333333333333,0.03333333333333333,0.03333333333333333,0.03333333333333333,0.03333333333333333,0.03333333333333333,0.03333333333333333,0.03333333333333333,0.03333333333333335,0.03333333333333335,0.03333333333333335,0.03333333333333335,0.03333333333333335,0.03333333333333335,0.03333333333333335
58,0.03333333333333333,0.03333333333333333,0.03333333333333333,0.03333333333333333,0.03333333333333333,0.03333333333333333,0.03333333333333333,0.03333333333333333,0.03333333333333333,0.03333333333333333,0.03333333333333333,0.03333333333333333,0.03333333333333333,0.03333333333333333,0.03333333333333333,0.03333333333333333,0.03333333333333333,0.03333333333333333,0.03333333333333333,0.03333333333333333,0.03333333333333333,0.03333333333333333,0.03333333333333333,0.03333333333333333,0.03333333333333333,0.03333333333333333,0.03333333333333333,0.03333333333333333,0.03333333333333333,0.03333333333333333
59,0.03333333333333333,0.03333333333333333,0.03333333333333333,0.03333333333333333,0.03333333333333333,0.03333333333333333,0.03333333333333333,0.03333333333333333,0.03333333333333333,0.03333333333333333,0.03333333333333333,0.03333333333333333,0.03333333333333333,0.03333333333333333,0.03333333333333333,0.03333333333333333,0.03333333333333333,0.03333333333333333,0.03333333333333333,0.03333333333333333,0.03333333333333333,0.03333333333333334,0.03333333333333334,0.03333333333333334,0.03333333333333334,0.03333333333333334,0.03333333333333334,0.03333333333333334,0.03333333333333334,0.03333333333333334
60,0.03333333333333333,0.03333333333333333,0.03333333333333333,0.03333333333333333,0.03333333333333333,0.03333333333333333,0.03333333333333333,0.03333333333333333,0.03333333333333333,0.03333333333333333,0.03333333333333333,0.03333333333333333,0.03333333333333333,0.03333333333333333,0.03333333333333333,0.03333333333333333,0.03333333333333333,0.03333333333333333,0.03333333333333333,0.03333333333333333,0.03333333333333333,0.03333333333333333,0.03333333333333333,0.03333333333333333,0.03333333333333333,0.03333333333333333,0.03333333333333333,0.03333333333333333,0.03333333333333333,0.03333333333333333
61,0.033333333333333326,0.033333333333333326,0.033333333333333326,0.033333333333333326,0.033333333333333326,0.033333333333333326,0.033333333333333326,0.033333333333333326,0.033333333333333326,0.033333333333333326,0.033333333333333326,0.03333333333333333,0.033333333333333326,0.033333333333333326,0.033333333333333326,0.033333333333333326,0.033333333333333326,0.033333333333333326,0.03333333333333333,0.033333333333333326,0.033333333333333326,0.033333333333333326,0.033333333333333326,0.03333333333333335,0.03333333333333335,0.03333333333333335,0.03333333333333335,0.03333333333333335,0.03333333333333335,0.03333333333333335
62,0.03333333333333333,0.03333333333333333,0.03333333333333333,0.03333333333333333,0.03333333333333333,0.03333333333333333,0.03333333333333333,0.03333333333333333,0.03333333333333334,0.03333333333333333,0.03333333333333333,0.03333333333333333,0.03333333333333333,0.03333333333333333,0.03333333333333333,0.03333333333333333,0.03333333333333333,0.03333333333333333,0.03333333333333333,0.03333333333333333,0.03333333333333333,0.03333333333333333,0.03333333333333333,0.03333333333333333,0.033333333333333354,0.033333333333333354,0.033333333333333354,0.033333333333333354,0.033333333333333354,0.033333333333333354
63,0.03333333333333333,0.03333333333333333,0.03333333333333333,0.03333333333333333,0.03333333333333333,0.03333333333333333,0.03333333333333333,0.03333333333333333,0.03333333333333333,0.03333333333333333,0.03333333333333333,0.03333333333333333,0.03333333333333333,0.03333333333333333,0.03333333333333333,0.03333333333333333,0.03333333333333333,0.03333333333333333,0.03333333333333333,0.03333333333333333,0.03333333333333333,0.03333333333333333,0.03333333333333333,0.03333333333333333,0.03333333333333333,0.03333333333333333,0.033333333333333326,0.033333333333333326,0.033333333333333326,0.033333333333333326
64,0.03333333333333333,0.03333333333333333,0.03333333333333333,0.03333333333333333,0.03333333333333333,0.03333333333333333,0.03333333333333333,0.03333333333333333,0.03333333333333333,0.03333333333333333,0.03333333333333333,0.03333333333333333,0.03333333333333333,0.03333333333333333,0.03333333333333333,0.03333333333333333,0.03333333333333333,0.03333333333333333,0.03333333333333333,0.03333333333333333,0.03333333333333333,0.03333333333333333,0.03333333333333333,0.033333333333333326,0.033333333333333326,0.033333333333333326,0.033333333333333326,0.033333333333333326,0.033333333333333326,0.033333333333333326
